Sample	0	1	2	3	4	5	6	7	8	9	10	11	12	13	14	15	16	17	18	19	20	21	22	23	24	25	26	27	28	29	30
C1_A_CKDL260002520-1A_2372W3LT4_L5_1	(13.0, 2.0)	(14.0, 8.0)	(15.0, 23.0)	(16.0, 51.0)	(17.0, 129.0)	(18.0, 312.0)	(19.0, 622.0)	(20.0, 1008.0)	(21.0, 1581.0)	(22.0, 2425.0)	(23.0, 3045.0)	(24.0, 3221.0)	(25.0, 3136.0)	(26.0, 3123.0)	(27.0, 3322.0)	(28.0, 3569.0)	(29.0, 3960.0)	(30.0, 4489.0)	(31.0, 5266.0)	(32.0, 8537.0)	(33.0, 10413.0)	(34.0, 10235.0)	(35.0, 12701.0)	(36.0, 18931.0)	(37.0, 37166.0)	(38.0, 86104.0)	(39.0, 456588.0)	(40.0, 145607.0)			
C1_A_CKDL260002520-1A_2372W3LT4_L5_2	(10.0, 1.0)	(11.0, 4.0)	(12.0, 30.0)	(13.0, 140.0)	(14.0, 353.0)	(15.0, 669.0)	(16.0, 718.0)	(17.0, 660.0)	(18.0, 627.0)	(19.0, 636.0)	(20.0, 725.0)	(21.0, 809.0)	(22.0, 851.0)	(23.0, 951.0)	(24.0, 1063.0)	(25.0, 1263.0)	(26.0, 1496.0)	(27.0, 1625.0)	(28.0, 2052.0)	(29.0, 2335.0)	(30.0, 3084.0)	(31.0, 3633.0)	(32.0, 4600.0)	(33.0, 5862.0)	(34.0, 8062.0)	(35.0, 11904.0)	(36.0, 18884.0)	(37.0, 37759.0)	(38.0, 91103.0)	(39.0, 479785.0)	(40.0, 143890.0)
C1_A_CKDL260002520-1A_23757VLT4_L4_1	(13.0, 6.0)	(14.0, 46.0)	(15.0, 198.0)	(16.0, 670.0)	(17.0, 3431.0)	(18.0, 12689.0)	(19.0, 27551.0)	(20.0, 54049.0)	(21.0, 115418.0)	(22.0, 148107.0)	(23.0, 126316.0)	(24.0, 87137.0)	(25.0, 57288.0)	(26.0, 45335.0)	(27.0, 40790.0)	(28.0, 41500.0)	(29.0, 48650.0)	(30.0, 62089.0)	(31.0, 96112.0)	(32.0, 170354.0)	(33.0, 193038.0)	(34.0, 225108.0)	(35.0, 319838.0)	(36.0, 524810.0)	(37.0, 1109149.0)	(38.0, 2715488.0)	(39.0, 11510811.0)	(40.0, 2096134.0)			
C1_A_CKDL260002520-1A_23757VLT4_L4_2	(10.0, 1.0)	(11.0, 23.0)	(12.0, 254.0)	(13.0, 1605.0)	(14.0, 5162.0)	(15.0, 8855.0)	(16.0, 9844.0)	(17.0, 9885.0)	(18.0, 9569.0)	(19.0, 9908.0)	(20.0, 11016.0)	(21.0, 12252.0)	(22.0, 13794.0)	(23.0, 15631.0)	(24.0, 18113.0)	(25.0, 22129.0)	(26.0, 26721.0)	(27.0, 33265.0)	(28.0, 44183.0)	(29.0, 58651.0)	(30.0, 82235.0)	(31.0, 110930.0)	(32.0, 152835.0)	(33.0, 185144.0)	(34.0, 241793.0)	(35.0, 339791.0)	(36.0, 573261.0)	(37.0, 1247489.0)	(38.0, 3121547.0)	(39.0, 11722181.0)	(40.0, 1744045.0)
C1_B_CKDL260002520-1A_2372W3LT4_L5_1	(13.0, 3.0)	(14.0, 42.0)	(15.0, 84.0)	(16.0, 135.0)	(17.0, 270.0)	(18.0, 487.0)	(19.0, 877.0)	(20.0, 1526.0)	(21.0, 2242.0)	(22.0, 2844.0)	(23.0, 3238.0)	(24.0, 3400.0)	(25.0, 3461.0)	(26.0, 3494.0)	(27.0, 3946.0)	(28.0, 4192.0)	(29.0, 4536.0)	(30.0, 5201.0)	(31.0, 5859.0)	(32.0, 7858.0)	(33.0, 11629.0)	(34.0, 13666.0)	(35.0, 16434.0)	(36.0, 23897.0)	(37.0, 45330.0)	(38.0, 101354.0)	(39.0, 611235.0)	(40.0, 227412.0)			
C1_B_CKDL260002520-1A_2372W3LT4_L5_2	(11.0, 6.0)	(12.0, 23.0)	(13.0, 160.0)	(14.0, 502.0)	(15.0, 849.0)	(16.0, 907.0)	(17.0, 840.0)	(18.0, 800.0)	(19.0, 807.0)	(20.0, 867.0)	(21.0, 941.0)	(22.0, 1034.0)	(23.0, 1200.0)	(24.0, 1327.0)	(25.0, 1553.0)	(26.0, 1728.0)	(27.0, 2096.0)	(28.0, 2476.0)	(29.0, 2701.0)	(30.0, 3297.0)	(31.0, 3950.0)	(32.0, 4930.0)	(33.0, 6152.0)	(34.0, 8127.0)	(35.0, 11834.0)	(36.0, 18825.0)	(37.0, 39168.0)	(38.0, 101475.0)	(39.0, 642491.0)	(40.0, 243586.0)	
C1_B_CKDL260002520-1A_23757VLT4_L4_1	(13.0, 16.0)	(14.0, 127.0)	(15.0, 474.0)	(16.0, 1317.0)	(17.0, 5046.0)	(18.0, 19971.0)	(19.0, 50023.0)	(20.0, 79736.0)	(21.0, 116114.0)	(22.0, 133228.0)	(23.0, 112418.0)	(24.0, 80574.0)	(25.0, 58978.0)	(26.0, 52918.0)	(27.0, 52391.0)	(28.0, 54155.0)	(29.0, 61927.0)	(30.0, 77029.0)	(31.0, 101996.0)	(32.0, 175226.0)	(33.0, 251177.0)	(34.0, 303729.0)	(35.0, 430491.0)	(36.0, 683001.0)	(37.0, 1388315.0)	(38.0, 3368476.0)	(39.0, 16471207.0)	(40.0, 3456123.0)			
C1_B_CKDL260002520-1A_23757VLT4_L4_2	(10.0, 1.0)	(11.0, 21.0)	(12.0, 238.0)	(13.0, 1815.0)	(14.0, 5948.0)	(15.0, 9933.0)	(16.0, 11320.0)	(17.0, 10925.0)	(18.0, 10998.0)	(19.0, 11979.0)	(20.0, 13347.0)	(21.0, 15199.0)	(22.0, 17428.0)	(23.0, 19956.0)	(24.0, 23338.0)	(25.0, 27428.0)	(26.0, 31882.0)	(27.0, 38336.0)	(28.0, 46646.0)	(29.0, 55966.0)	(30.0, 74404.0)	(31.0, 92776.0)	(32.0, 127778.0)	(33.0, 166967.0)	(34.0, 244154.0)	(35.0, 373655.0)	(36.0, 656295.0)	(37.0, 1440915.0)	(38.0, 3709192.0)	(39.0, 17024780.0)	(40.0, 3322563.0)
C1_C_CKDL260002520-1A_2372W3LT4_L5_1	(13.0, 2.0)	(14.0, 19.0)	(15.0, 63.0)	(16.0, 127.0)	(17.0, 264.0)	(18.0, 479.0)	(19.0, 977.0)	(20.0, 1870.0)	(21.0, 2871.0)	(22.0, 3966.0)	(23.0, 4584.0)	(24.0, 4757.0)	(25.0, 4518.0)	(26.0, 4564.0)	(27.0, 4881.0)	(28.0, 5224.0)	(29.0, 5512.0)	(30.0, 6057.0)	(31.0, 6666.0)	(32.0, 8074.0)	(33.0, 11515.0)	(34.0, 15610.0)	(35.0, 19116.0)	(36.0, 27301.0)	(37.0, 51960.0)	(38.0, 116528.0)	(39.0, 733095.0)	(40.0, 287111.0)			
C1_C_CKDL260002520-1A_2372W3LT4_L5_2	(11.0, 8.0)	(12.0, 50.0)	(13.0, 214.0)	(14.0, 595.0)	(15.0, 1018.0)	(16.0, 1030.0)	(17.0, 986.0)	(18.0, 973.0)	(19.0, 959.0)	(20.0, 1027.0)	(21.0, 1132.0)	(22.0, 1274.0)	(23.0, 1428.0)	(24.0, 1603.0)	(25.0, 1729.0)	(26.0, 1967.0)	(27.0, 2329.0)	(28.0, 2701.0)	(29.0, 3241.0)	(30.0, 4054.0)	(31.0, 4782.0)	(32.0, 6197.0)	(33.0, 7795.0)	(34.0, 10604.0)	(35.0, 15514.0)	(36.0, 25219.0)	(37.0, 52285.0)	(38.0, 127266.0)	(39.0, 750479.0)	(40.0, 299252.0)	
C1_C_CKDL260002520-1A_23757VLT4_L4_1	(13.0, 23.0)	(14.0, 142.0)	(15.0, 443.0)	(16.0, 1211.0)	(17.0, 5286.0)	(18.0, 21756.0)	(19.0, 54227.0)	(20.0, 94347.0)	(21.0, 165698.0)	(22.0, 204821.0)	(23.0, 173222.0)	(24.0, 115558.0)	(25.0, 74771.0)	(26.0, 61729.0)	(27.0, 57579.0)	(28.0, 58484.0)	(29.0, 65975.0)	(30.0, 81200.0)	(31.0, 102722.0)	(32.0, 166163.0)	(33.0, 263955.0)	(34.0, 334662.0)	(35.0, 474029.0)	(36.0, 758850.0)	(37.0, 1562984.0)	(38.0, 3838243.0)	(39.0, 20511099.0)	(40.0, 4946994.0)			
C1_C_CKDL260002520-1A_23757VLT4_L4_2	(10.0, 2.0)	(11.0, 44.0)	(12.0, 444.0)	(13.0, 2898.0)	(14.0, 9175.0)	(15.0, 15096.0)	(16.0, 16617.0)	(17.0, 15812.0)	(18.0, 15061.0)	(19.0, 15548.0)	(20.0, 17157.0)	(21.0, 18819.0)	(22.0, 20659.0)	(23.0, 23580.0)	(24.0, 26784.0)	(25.0, 31531.0)	(26.0, 36771.0)	(27.0, 44255.0)	(28.0, 56425.0)	(29.0, 70077.0)	(30.0, 94932.0)	(31.0, 121671.0)	(32.0, 173675.0)	(33.0, 235076.0)	(34.0, 344084.0)	(35.0, 518464.0)	(36.0, 865747.0)	(37.0, 1807748.0)	(38.0, 4501831.0)	(39.0, 20751321.0)	(40.0, 4344869.0)
C1_D_CKDL260002520-1A_2372W3LT4_L5_1	(13.0, 1.0)	(14.0, 18.0)	(15.0, 41.0)	(16.0, 83.0)	(17.0, 133.0)	(18.0, 237.0)	(19.0, 508.0)	(20.0, 830.0)	(21.0, 1235.0)	(22.0, 1697.0)	(23.0, 1916.0)	(24.0, 2082.0)	(25.0, 2205.0)	(26.0, 2223.0)	(27.0, 2392.0)	(28.0, 2574.0)	(29.0, 2748.0)	(30.0, 3133.0)	(31.0, 3483.0)	(32.0, 4855.0)	(33.0, 6763.0)	(34.0, 8296.0)	(35.0, 10159.0)	(36.0, 14646.0)	(37.0, 28267.0)	(38.0, 65067.0)	(39.0, 370018.0)	(40.0, 126041.0)			
C1_D_CKDL260002520-1A_2372W3LT4_L5_2	(11.0, 6.0)	(12.0, 33.0)	(13.0, 116.0)	(14.0, 344.0)	(15.0, 546.0)	(16.0, 592.0)	(17.0, 473.0)	(18.0, 482.0)	(19.0, 534.0)	(20.0, 536.0)	(21.0, 530.0)	(22.0, 708.0)	(23.0, 704.0)	(24.0, 802.0)	(25.0, 951.0)	(26.0, 1065.0)	(27.0, 1219.0)	(28.0, 1455.0)	(29.0, 1689.0)	(30.0, 2073.0)	(31.0, 2451.0)	(32.0, 3086.0)	(33.0, 3953.0)	(34.0, 5060.0)	(35.0, 7193.0)	(36.0, 11367.0)	(37.0, 24414.0)	(38.0, 63338.0)	(39.0, 387711.0)	(40.0, 138220.0)	
C1_D_CKDL260002520-1A_23757VLT4_L4_1	(12.0, 1.0)	(13.0, 9.0)	(14.0, 84.0)	(15.0, 307.0)	(16.0, 817.0)	(17.0, 3215.0)	(18.0, 12003.0)	(19.0, 30324.0)	(20.0, 48955.0)	(21.0, 75995.0)	(22.0, 93553.0)	(23.0, 80104.0)	(24.0, 55989.0)	(25.0, 39069.0)	(26.0, 34714.0)	(27.0, 33811.0)	(28.0, 35306.0)	(29.0, 40343.0)	(30.0, 51191.0)	(31.0, 68428.0)	(32.0, 115017.0)	(33.0, 165345.0)	(34.0, 197977.0)	(35.0, 283627.0)	(36.0, 451531.0)	(37.0, 916662.0)	(38.0, 2229308.0)	(39.0, 10536564.0)	(40.0, 2124765.0)		
C1_D_CKDL260002520-1A_23757VLT4_L4_2	(11.0, 26.0)	(12.0, 285.0)	(13.0, 1554.0)	(14.0, 4738.0)	(15.0, 7934.0)	(16.0, 8792.0)	(17.0, 8289.0)	(18.0, 8081.0)	(19.0, 8248.0)	(20.0, 9454.0)	(21.0, 10503.0)	(22.0, 11875.0)	(23.0, 13867.0)	(24.0, 15720.0)	(25.0, 18533.0)	(26.0, 21591.0)	(27.0, 26683.0)	(28.0, 33446.0)	(29.0, 40427.0)	(30.0, 53313.0)	(31.0, 66171.0)	(32.0, 90423.0)	(33.0, 118476.0)	(34.0, 169885.0)	(35.0, 261168.0)	(36.0, 454122.0)	(37.0, 976287.0)	(38.0, 2481486.0)	(39.0, 10862303.0)	(40.0, 1941334.0)	
C2_A_CKDL260002520-1A_2372W3LT4_L5_1	(13.0, 2.0)	(14.0, 10.0)	(15.0, 56.0)	(16.0, 89.0)	(17.0, 194.0)	(18.0, 431.0)	(19.0, 815.0)	(20.0, 1367.0)	(21.0, 1998.0)	(22.0, 2724.0)	(23.0, 3180.0)	(24.0, 3251.0)	(25.0, 3103.0)	(26.0, 3176.0)	(27.0, 3483.0)	(28.0, 3772.0)	(29.0, 4011.0)	(30.0, 4482.0)	(31.0, 5111.0)	(32.0, 7659.0)	(33.0, 10197.0)	(34.0, 11088.0)	(35.0, 13877.0)	(36.0, 20102.0)	(37.0, 38424.0)	(38.0, 87003.0)	(39.0, 535475.0)	(40.0, 205920.0)			
C2_A_CKDL260002520-1A_2372W3LT4_L5_2	(11.0, 6.0)	(12.0, 23.0)	(13.0, 115.0)	(14.0, 378.0)	(15.0, 721.0)	(16.0, 800.0)	(17.0, 770.0)	(18.0, 654.0)	(19.0, 709.0)	(20.0, 823.0)	(21.0, 868.0)	(22.0, 922.0)	(23.0, 1005.0)	(24.0, 1167.0)	(25.0, 1342.0)	(26.0, 1469.0)	(27.0, 1796.0)	(28.0, 2101.0)	(29.0, 2460.0)	(30.0, 2937.0)	(31.0, 3428.0)	(32.0, 4340.0)	(33.0, 5514.0)	(34.0, 7315.0)	(35.0, 10826.0)	(36.0, 17291.0)	(37.0, 36361.0)	(38.0, 92759.0)	(39.0, 561199.0)	(40.0, 210901.0)	
C2_A_CKDL260002520-1A_23757VLT4_L4_1	(13.0, 11.0)	(14.0, 125.0)	(15.0, 487.0)	(16.0, 1334.0)	(17.0, 5059.0)	(18.0, 18957.0)	(19.0, 48463.0)	(20.0, 77440.0)	(21.0, 118943.0)	(22.0, 143267.0)	(23.0, 121895.0)	(24.0, 83942.0)	(25.0, 57541.0)	(26.0, 51299.0)	(27.0, 50265.0)	(28.0, 52135.0)	(29.0, 59192.0)	(30.0, 73646.0)	(31.0, 98167.0)	(32.0, 165988.0)	(33.0, 228610.0)	(34.0, 282588.0)	(35.0, 394052.0)	(36.0, 622566.0)	(37.0, 1270567.0)	(38.0, 3079581.0)	(39.0, 15321725.0)	(40.0, 3448425.0)			
C2_A_CKDL260002520-1A_23757VLT4_L4_2	(10.0, 1.0)	(11.0, 23.0)	(12.0, 240.0)	(13.0, 1761.0)	(14.0, 5682.0)	(15.0, 10438.0)	(16.0, 11820.0)	(17.0, 11738.0)	(18.0, 11600.0)	(19.0, 12276.0)	(20.0, 13621.0)	(21.0, 15233.0)	(22.0, 17602.0)	(23.0, 20215.0)	(24.0, 22638.0)	(25.0, 27236.0)	(26.0, 31315.0)	(27.0, 37889.0)	(28.0, 47367.0)	(29.0, 57531.0)	(30.0, 76057.0)	(31.0, 94657.0)	(32.0, 132030.0)	(33.0, 173298.0)	(34.0, 253153.0)	(35.0, 391230.0)	(36.0, 680006.0)	(37.0, 1436533.0)	(38.0, 3590290.0)	(39.0, 15685770.0)	(40.0, 3007020.0)
C2_B_CKDL260002520-1A_2372W3LT4_L5_1	(12.0, 1.0)	(13.0, 6.0)	(14.0, 45.0)	(15.0, 101.0)	(16.0, 144.0)	(17.0, 196.0)	(18.0, 380.0)	(19.0, 655.0)	(20.0, 1091.0)	(21.0, 1554.0)	(22.0, 2036.0)	(23.0, 2392.0)	(24.0, 2586.0)	(25.0, 2597.0)	(26.0, 2797.0)	(27.0, 3006.0)	(28.0, 3390.0)	(29.0, 3624.0)	(30.0, 4084.0)	(31.0, 4703.0)	(32.0, 6565.0)	(33.0, 9189.0)	(34.0, 10876.0)	(35.0, 13210.0)	(36.0, 19249.0)	(37.0, 37566.0)	(38.0, 86868.0)	(39.0, 507663.0)	(40.0, 151787.0)		
C2_B_CKDL260002520-1A_2372W3LT4_L5_2	(11.0, 3.0)	(12.0, 32.0)	(13.0, 156.0)	(14.0, 463.0)	(15.0, 753.0)	(16.0, 822.0)	(17.0, 703.0)	(18.0, 647.0)	(19.0, 670.0)	(20.0, 727.0)	(21.0, 782.0)	(22.0, 804.0)	(23.0, 960.0)	(24.0, 1033.0)	(25.0, 1263.0)	(26.0, 1318.0)	(27.0, 1599.0)	(28.0, 1964.0)	(29.0, 2150.0)	(30.0, 2569.0)	(31.0, 2965.0)	(32.0, 3935.0)	(33.0, 4821.0)	(34.0, 6419.0)	(35.0, 9324.0)	(36.0, 15067.0)	(37.0, 31537.0)	(38.0, 82320.0)	(39.0, 520446.0)	(40.0, 182109.0)	
C2_B_CKDL260002520-1A_23757VLT4_L4_1	(13.0, 19.0)	(14.0, 109.0)	(15.0, 421.0)	(16.0, 1095.0)	(17.0, 4113.0)	(18.0, 15848.0)	(19.0, 37974.0)	(20.0, 61821.0)	(21.0, 95652.0)	(22.0, 110832.0)	(23.0, 93827.0)	(24.0, 69806.0)	(25.0, 51918.0)	(26.0, 47153.0)	(27.0, 46214.0)	(28.0, 48890.0)	(29.0, 55726.0)	(30.0, 70232.0)	(31.0, 92381.0)	(32.0, 155332.0)	(33.0, 217264.0)	(34.0, 265680.0)	(35.0, 381450.0)	(36.0, 611788.0)	(37.0, 1263964.0)	(38.0, 3132865.0)	(39.0, 14139136.0)	(40.0, 2389848.0)			
C2_B_CKDL260002520-1A_23757VLT4_L4_2	(11.0, 17.0)	(12.0, 246.0)	(13.0, 1573.0)	(14.0, 5143.0)	(15.0, 8862.0)	(16.0, 9899.0)	(17.0, 9418.0)	(18.0, 9290.0)	(19.0, 10002.0)	(20.0, 11138.0)	(21.0, 12581.0)	(22.0, 14391.0)	(23.0, 16638.0)	(24.0, 18749.0)	(25.0, 22595.0)	(26.0, 26572.0)	(27.0, 32060.0)	(28.0, 39560.0)	(29.0, 48588.0)	(30.0, 64050.0)	(31.0, 81006.0)	(32.0, 111172.0)	(33.0, 147080.0)	(34.0, 212910.0)	(35.0, 327880.0)	(36.0, 581284.0)	(37.0, 1275313.0)	(38.0, 3307361.0)	(39.0, 14524592.0)	(40.0, 2531388.0)	
C2_C_CKDL260002520-1A_2372W3LT4_L5_1	(13.0, 5.0)	(14.0, 24.0)	(15.0, 73.0)	(16.0, 84.0)	(17.0, 196.0)	(18.0, 355.0)	(19.0, 693.0)	(20.0, 1140.0)	(21.0, 1685.0)	(22.0, 2194.0)	(23.0, 2551.0)	(24.0, 2487.0)	(25.0, 2438.0)	(26.0, 2544.0)	(27.0, 2925.0)	(28.0, 3202.0)	(29.0, 3524.0)	(30.0, 3676.0)	(31.0, 3994.0)	(32.0, 4745.0)	(33.0, 5760.0)	(34.0, 7882.0)	(35.0, 11411.0)	(36.0, 18391.0)	(37.0, 35504.0)	(38.0, 79229.0)	(39.0, 478295.0)	(40.0, 164560.0)			
C2_C_CKDL260002520-1A_2372W3LT4_L5_2	(11.0, 5.0)	(12.0, 18.0)	(13.0, 102.0)	(14.0, 382.0)	(15.0, 707.0)	(16.0, 750.0)	(17.0, 655.0)	(18.0, 580.0)	(19.0, 624.0)	(20.0, 678.0)	(21.0, 728.0)	(22.0, 782.0)	(23.0, 891.0)	(24.0, 975.0)	(25.0, 1147.0)	(26.0, 1281.0)	(27.0, 1489.0)	(28.0, 1752.0)	(29.0, 1894.0)	(30.0, 2461.0)	(31.0, 2817.0)	(32.0, 3493.0)	(33.0, 4441.0)	(34.0, 5882.0)	(35.0, 8623.0)	(36.0, 13789.0)	(37.0, 29293.0)	(38.0, 76211.0)	(39.0, 490651.0)	(40.0, 186466.0)	
C2_C_CKDL260002520-1A_23757VLT4_L4_1	(13.0, 15.0)	(14.0, 127.0)	(15.0, 499.0)	(16.0, 1233.0)	(17.0, 4480.0)	(18.0, 15908.0)	(19.0, 39280.0)	(20.0, 63122.0)	(21.0, 96001.0)	(22.0, 114439.0)	(23.0, 96024.0)	(24.0, 68306.0)	(25.0, 49136.0)	(26.0, 44253.0)	(27.0, 43269.0)	(28.0, 45237.0)	(29.0, 50786.0)	(30.0, 62312.0)	(31.0, 74859.0)	(32.0, 99369.0)	(33.0, 142448.0)	(34.0, 228805.0)	(35.0, 358376.0)	(36.0, 575718.0)	(37.0, 1146959.0)	(38.0, 2820079.0)	(39.0, 13496198.0)	(40.0, 2705385.0)			
C2_C_CKDL260002520-1A_23757VLT4_L4_2	(11.0, 14.0)	(12.0, 176.0)	(13.0, 1436.0)	(14.0, 4864.0)	(15.0, 8299.0)	(16.0, 9644.0)	(17.0, 9145.0)	(18.0, 9288.0)	(19.0, 9759.0)	(20.0, 11033.0)	(21.0, 12315.0)	(22.0, 14095.0)	(23.0, 16286.0)	(24.0, 18416.0)	(25.0, 21918.0)	(26.0, 25483.0)	(27.0, 30514.0)	(28.0, 37709.0)	(29.0, 44934.0)	(30.0, 59804.0)	(31.0, 73875.0)	(32.0, 103427.0)	(33.0, 136337.0)	(34.0, 198630.0)	(35.0, 304979.0)	(36.0, 538212.0)	(37.0, 1183169.0)	(38.0, 3058941.0)	(39.0, 13852954.0)	(40.0, 2646967.0)	
C2_D_CKDL260002520-1A_2372W3LT4_L5_1	(13.0, 1.0)	(14.0, 8.0)	(15.0, 35.0)	(16.0, 118.0)	(17.0, 218.0)	(18.0, 464.0)	(19.0, 947.0)	(20.0, 1675.0)	(21.0, 2542.0)	(22.0, 3341.0)	(23.0, 3816.0)	(24.0, 3778.0)	(25.0, 3750.0)	(26.0, 3817.0)	(27.0, 4207.0)	(28.0, 4443.0)	(29.0, 4935.0)	(30.0, 5475.0)	(31.0, 5922.0)	(32.0, 7348.0)	(33.0, 9916.0)	(34.0, 14622.0)	(35.0, 18780.0)	(36.0, 25868.0)	(37.0, 48837.0)	(38.0, 110671.0)	(39.0, 678609.0)	(40.0, 254708.0)			
C2_D_CKDL260002520-1A_2372W3LT4_L5_2	(11.0, 3.0)	(12.0, 35.0)	(13.0, 122.0)	(14.0, 415.0)	(15.0, 717.0)	(16.0, 837.0)	(17.0, 809.0)	(18.0, 765.0)	(19.0, 828.0)	(20.0, 870.0)	(21.0, 975.0)	(22.0, 1110.0)	(23.0, 1244.0)	(24.0, 1373.0)	(25.0, 1523.0)	(26.0, 1766.0)	(27.0, 2073.0)	(28.0, 2458.0)	(29.0, 2730.0)	(30.0, 3467.0)	(31.0, 4099.0)	(32.0, 5150.0)	(33.0, 6702.0)	(34.0, 8811.0)	(35.0, 13037.0)	(36.0, 20963.0)	(37.0, 44020.0)	(38.0, 112242.0)	(39.0, 705542.0)	(40.0, 274165.0)	
C2_D_CKDL260002520-1A_23757VLT4_L4_1	(13.0, 19.0)	(14.0, 142.0)	(15.0, 430.0)	(16.0, 1237.0)	(17.0, 5419.0)	(18.0, 22646.0)	(19.0, 57394.0)	(20.0, 90285.0)	(21.0, 139066.0)	(22.0, 161242.0)	(23.0, 134426.0)	(24.0, 92821.0)	(25.0, 64375.0)	(26.0, 57611.0)	(27.0, 56766.0)	(28.0, 58539.0)	(29.0, 67081.0)	(30.0, 83529.0)	(31.0, 102102.0)	(32.0, 147826.0)	(33.0, 238091.0)	(34.0, 355512.0)	(35.0, 474465.0)	(36.0, 748767.0)	(37.0, 1525894.0)	(38.0, 3777705.0)	(39.0, 19066880.0)	(40.0, 4215644.0)			
C2_D_CKDL260002520-1A_23757VLT4_L4_2	(10.0, 1.0)	(11.0, 29.0)	(12.0, 294.0)	(13.0, 2195.0)	(14.0, 6881.0)	(15.0, 11424.0)	(16.0, 12963.0)	(17.0, 12234.0)	(18.0, 12337.0)	(19.0, 12914.0)	(20.0, 14796.0)	(21.0, 16174.0)	(22.0, 18515.0)	(23.0, 21227.0)	(24.0, 23839.0)	(25.0, 28665.0)	(26.0, 33295.0)	(27.0, 40046.0)	(28.0, 50554.0)	(29.0, 61274.0)	(30.0, 81857.0)	(31.0, 103488.0)	(32.0, 144343.0)	(33.0, 190936.0)	(34.0, 281644.0)	(35.0, 437312.0)	(36.0, 766651.0)	(37.0, 1667688.0)	(38.0, 4277113.0)	(39.0, 19530396.0)	(40.0, 3884829.0)
C3_A_CKDL260002520-1A_2372W3LT4_L5_1	(13.0, 1.0)	(14.0, 25.0)	(15.0, 77.0)	(16.0, 140.0)	(17.0, 260.0)	(18.0, 520.0)	(19.0, 969.0)	(20.0, 1595.0)	(21.0, 2382.0)	(22.0, 3102.0)	(23.0, 3705.0)	(24.0, 3733.0)	(25.0, 3652.0)	(26.0, 3870.0)	(27.0, 4149.0)	(28.0, 4565.0)	(29.0, 5059.0)	(30.0, 5678.0)	(31.0, 6195.0)	(32.0, 7733.0)	(33.0, 10599.0)	(34.0, 14930.0)	(35.0, 19310.0)	(36.0, 27216.0)	(37.0, 50878.0)	(38.0, 112153.0)	(39.0, 666486.0)	(40.0, 269245.0)			
C3_A_CKDL260002520-1A_2372W3LT4_L5_2	(11.0, 7.0)	(12.0, 29.0)	(13.0, 169.0)	(14.0, 495.0)	(15.0, 908.0)	(16.0, 1067.0)	(17.0, 947.0)	(18.0, 901.0)	(19.0, 939.0)	(20.0, 1009.0)	(21.0, 1046.0)	(22.0, 1205.0)	(23.0, 1301.0)	(24.0, 1541.0)	(25.0, 1818.0)	(26.0, 2015.0)	(27.0, 2368.0)	(28.0, 2761.0)	(29.0, 3237.0)	(30.0, 3964.0)	(31.0, 4922.0)	(32.0, 6414.0)	(33.0, 8107.0)	(34.0, 10867.0)	(35.0, 15988.0)	(36.0, 25164.0)	(37.0, 49564.0)	(38.0, 116486.0)	(39.0, 682338.0)	(40.0, 280650.0)	
C3_A_CKDL260002520-1A_23757VLT4_L4_1	(12.0, 1.0)	(13.0, 14.0)	(14.0, 145.0)	(15.0, 552.0)	(16.0, 1482.0)	(17.0, 5979.0)	(18.0, 21631.0)	(19.0, 48197.0)	(20.0, 78871.0)	(21.0, 131121.0)	(22.0, 151587.0)	(23.0, 124425.0)	(24.0, 86906.0)	(25.0, 63536.0)	(26.0, 59497.0)	(27.0, 59364.0)	(28.0, 65621.0)	(29.0, 77239.0)	(30.0, 96470.0)	(31.0, 118710.0)	(32.0, 173562.0)	(33.0, 270931.0)	(34.0, 366576.0)	(35.0, 508671.0)	(36.0, 797651.0)	(37.0, 1591929.0)	(38.0, 3823945.0)	(39.0, 19031613.0)	(40.0, 4635999.0)		
C3_A_CKDL260002520-1A_23757VLT4_L4_2	(11.0, 30.0)	(12.0, 285.0)	(13.0, 2074.0)	(14.0, 6899.0)	(15.0, 12506.0)	(16.0, 14462.0)	(17.0, 14121.0)	(18.0, 14061.0)	(19.0, 14892.0)	(20.0, 16798.0)	(21.0, 18887.0)	(22.0, 21700.0)	(23.0, 24737.0)	(24.0, 27810.0)	(25.0, 33192.0)	(26.0, 38903.0)	(27.0, 47890.0)	(28.0, 60707.0)	(29.0, 78281.0)	(30.0, 109342.0)	(31.0, 148163.0)	(32.0, 209533.0)	(33.0, 272514.0)	(34.0, 365827.0)	(35.0, 512139.0)	(36.0, 832203.0)	(37.0, 1707418.0)	(38.0, 4218563.0)	(39.0, 19439381.0)	(40.0, 4128907.0)	
C3_B_CKDL260002520-1A_2372W3LT4_L5_1	(13.0, 5.0)	(14.0, 19.0)	(15.0, 67.0)	(16.0, 114.0)	(17.0, 218.0)	(18.0, 374.0)	(19.0, 680.0)	(20.0, 1191.0)	(21.0, 1727.0)	(22.0, 2216.0)	(23.0, 2630.0)	(24.0, 2621.0)	(25.0, 2572.0)	(26.0, 2799.0)	(27.0, 3076.0)	(28.0, 3380.0)	(29.0, 3594.0)	(30.0, 4142.0)	(31.0, 4618.0)	(32.0, 5954.0)	(33.0, 8918.0)	(34.0, 10861.0)	(35.0, 13226.0)	(36.0, 18819.0)	(37.0, 35782.0)	(38.0, 80840.0)	(39.0, 481197.0)	(40.0, 181264.0)			
C3_B_CKDL260002520-1A_2372W3LT4_L5_2	(10.0, 1.0)	(11.0, 3.0)	(12.0, 19.0)	(13.0, 101.0)	(14.0, 387.0)	(15.0, 681.0)	(16.0, 814.0)	(17.0, 700.0)	(18.0, 621.0)	(19.0, 637.0)	(20.0, 696.0)	(21.0, 810.0)	(22.0, 839.0)	(23.0, 940.0)	(24.0, 1047.0)	(25.0, 1298.0)	(26.0, 1389.0)	(27.0, 1631.0)	(28.0, 1782.0)	(29.0, 2113.0)	(30.0, 2594.0)	(31.0, 3046.0)	(32.0, 3870.0)	(33.0, 4828.0)	(34.0, 6377.0)	(35.0, 9191.0)	(36.0, 14437.0)	(37.0, 30582.0)	(38.0, 78610.0)	(39.0, 505876.0)	(40.0, 196984.0)
C3_B_CKDL260002520-1A_23757VLT4_L4_1	(13.0, 22.0)	(14.0, 142.0)	(15.0, 424.0)	(16.0, 1151.0)	(17.0, 4148.0)	(18.0, 15673.0)	(19.0, 37905.0)	(20.0, 60637.0)	(21.0, 90725.0)	(22.0, 104599.0)	(23.0, 88822.0)	(24.0, 63358.0)	(25.0, 46864.0)	(26.0, 43017.0)	(27.0, 42745.0)	(28.0, 44744.0)	(29.0, 50841.0)	(30.0, 63624.0)	(31.0, 81931.0)	(32.0, 133184.0)	(33.0, 195672.0)	(34.0, 241825.0)	(35.0, 342124.0)	(36.0, 545101.0)	(37.0, 1115327.0)	(38.0, 2707359.0)	(39.0, 13217454.0)	(40.0, 2828280.0)			
C3_B_CKDL260002520-1A_23757VLT4_L4_2	(10.0, 1.0)	(11.0, 21.0)	(12.0, 197.0)	(13.0, 1357.0)	(14.0, 4635.0)	(15.0, 7812.0)	(16.0, 8742.0)	(17.0, 8672.0)	(18.0, 8694.0)	(19.0, 9261.0)	(20.0, 10528.0)	(21.0, 12066.0)	(22.0, 13762.0)	(23.0, 15752.0)	(24.0, 17809.0)	(25.0, 21139.0)	(26.0, 24466.0)	(27.0, 29486.0)	(28.0, 36595.0)	(29.0, 44035.0)	(30.0, 58160.0)	(31.0, 71483.0)	(32.0, 99071.0)	(33.0, 130309.0)	(34.0, 188509.0)	(35.0, 290811.0)	(36.0, 512100.0)	(37.0, 1128998.0)	(38.0, 2927163.0)	(39.0, 13729340.0)	(40.0, 2756724.0)
C3_C_CKDL260002520-1A_2372W3LT4_L5_1	(13.0, 1.0)	(14.0, 17.0)	(15.0, 42.0)	(16.0, 94.0)	(17.0, 189.0)	(18.0, 379.0)	(19.0, 706.0)	(20.0, 1328.0)	(21.0, 2011.0)	(22.0, 2637.0)	(23.0, 2903.0)	(24.0, 2957.0)	(25.0, 2938.0)	(26.0, 2985.0)	(27.0, 3280.0)	(28.0, 3518.0)	(29.0, 4050.0)	(30.0, 4406.0)	(31.0, 4843.0)	(32.0, 5694.0)	(33.0, 7334.0)	(34.0, 10164.0)	(35.0, 14883.0)	(36.0, 21311.0)	(37.0, 39767.0)	(38.0, 88654.0)	(39.0, 537892.0)	(40.0, 216315.0)			
C3_C_CKDL260002520-1A_2372W3LT4_L5_2	(11.0, 3.0)	(12.0, 40.0)	(13.0, 137.0)	(14.0, 422.0)	(15.0, 663.0)	(16.0, 821.0)	(17.0, 719.0)	(18.0, 736.0)	(19.0, 733.0)	(20.0, 804.0)	(21.0, 889.0)	(22.0, 944.0)	(23.0, 1084.0)	(24.0, 1230.0)	(25.0, 1385.0)	(26.0, 1567.0)	(27.0, 1793.0)	(28.0, 2117.0)	(29.0, 2494.0)	(30.0, 3038.0)	(31.0, 3714.0)	(32.0, 4758.0)	(33.0, 5835.0)	(34.0, 7943.0)	(35.0, 11570.0)	(36.0, 18976.0)	(37.0, 38767.0)	(38.0, 93292.0)	(39.0, 559588.0)	(40.0, 215236.0)	
C3_C_CKDL260002520-1A_23757VLT4_L4_1	(12.0, 1.0)	(13.0, 23.0)	(14.0, 121.0)	(15.0, 434.0)	(16.0, 1267.0)	(17.0, 4774.0)	(18.0, 18521.0)	(19.0, 44512.0)	(20.0, 70589.0)	(21.0, 111905.0)	(22.0, 130903.0)	(23.0, 110316.0)	(24.0, 76259.0)	(25.0, 53912.0)	(26.0, 48911.0)	(27.0, 48433.0)	(28.0, 51235.0)	(29.0, 58818.0)	(30.0, 72886.0)	(31.0, 90241.0)	(32.0, 127238.0)	(33.0, 197862.0)	(34.0, 292383.0)	(35.0, 406157.0)	(36.0, 636219.0)	(37.0, 1284081.0)	(38.0, 3133500.0)	(39.0, 15943992.0)	(40.0, 3858419.0)		
C3_C_CKDL260002520-1A_23757VLT4_L4_2	(10.0, 1.0)	(11.0, 29.0)	(12.0, 370.0)	(13.0, 2179.0)	(14.0, 6787.0)	(15.0, 11690.0)	(16.0, 13269.0)	(17.0, 12461.0)	(18.0, 12360.0)	(19.0, 12868.0)	(20.0, 14204.0)	(21.0, 15388.0)	(22.0, 17651.0)	(23.0, 19873.0)	(24.0, 22718.0)	(25.0, 27104.0)	(26.0, 30948.0)	(27.0, 37700.0)	(28.0, 48026.0)	(29.0, 59851.0)	(30.0, 80574.0)	(31.0, 103457.0)	(32.0, 145886.0)	(33.0, 195701.0)	(34.0, 284705.0)	(35.0, 420844.0)	(36.0, 699248.0)	(37.0, 1447707.0)	(38.0, 3607867.0)	(39.0, 16325193.0)	(40.0, 3197253.0)
C3_D_CKDL260002520-1A_2372W3LT4_L5_1	(13.0, 3.0)	(14.0, 33.0)	(15.0, 87.0)	(16.0, 134.0)	(17.0, 274.0)	(18.0, 574.0)	(19.0, 1019.0)	(20.0, 1818.0)	(21.0, 2627.0)	(22.0, 3603.0)	(23.0, 4206.0)	(24.0, 4294.0)	(25.0, 4199.0)	(26.0, 4259.0)	(27.0, 4732.0)	(28.0, 5105.0)	(29.0, 5592.0)	(30.0, 6383.0)	(31.0, 6976.0)	(32.0, 9597.0)	(33.0, 13140.0)	(34.0, 15658.0)	(35.0, 20199.0)	(36.0, 30668.0)	(37.0, 58798.0)	(38.0, 135932.0)	(39.0, 798848.0)	(40.0, 263943.0)			
C3_D_CKDL260002520-1A_2372W3LT4_L5_2	(11.0, 5.0)	(12.0, 49.0)	(13.0, 195.0)	(14.0, 580.0)	(15.0, 1044.0)	(16.0, 1128.0)	(17.0, 1092.0)	(18.0, 1035.0)	(19.0, 1065.0)	(20.0, 1160.0)	(21.0, 1208.0)	(22.0, 1371.0)	(23.0, 1496.0)	(24.0, 1704.0)	(25.0, 1926.0)	(26.0, 2234.0)	(27.0, 2582.0)	(28.0, 3008.0)	(29.0, 3480.0)	(30.0, 4318.0)	(31.0, 4986.0)	(32.0, 6413.0)	(33.0, 8074.0)	(34.0, 10716.0)	(35.0, 15188.0)	(36.0, 24644.0)	(37.0, 52329.0)	(38.0, 135901.0)	(39.0, 829598.0)	(40.0, 284172.0)	
C3_D_CKDL260002520-1A_23757VLT4_L4_1	(13.0, 15.0)	(14.0, 168.0)	(15.0, 591.0)	(16.0, 1623.0)	(17.0, 6425.0)	(18.0, 25097.0)	(19.0, 59643.0)	(20.0, 96385.0)	(21.0, 152095.0)	(22.0, 178436.0)	(23.0, 149533.0)	(24.0, 103931.0)	(25.0, 74594.0)	(26.0, 68210.0)	(27.0, 68022.0)	(28.0, 72368.0)	(29.0, 83392.0)	(30.0, 105436.0)	(31.0, 135899.0)	(32.0, 214159.0)	(33.0, 298837.0)	(34.0, 390249.0)	(35.0, 574945.0)	(36.0, 932015.0)	(37.0, 1932347.0)	(38.0, 4772989.0)	(39.0, 22356031.0)	(40.0, 4296081.0)			
C3_D_CKDL260002520-1A_23757VLT4_L4_2	(10.0, 2.0)	(11.0, 27.0)	(12.0, 343.0)	(13.0, 2444.0)	(14.0, 7808.0)	(15.0, 13633.0)	(16.0, 15488.0)	(17.0, 15363.0)	(18.0, 15173.0)	(19.0, 16056.0)	(20.0, 17989.0)	(21.0, 20262.0)	(22.0, 22997.0)	(23.0, 27079.0)	(24.0, 30462.0)	(25.0, 36877.0)	(26.0, 42340.0)	(27.0, 51772.0)	(28.0, 64563.0)	(29.0, 78689.0)	(30.0, 104298.0)	(31.0, 130372.0)	(32.0, 181043.0)	(33.0, 238806.0)	(34.0, 346764.0)	(35.0, 537959.0)	(36.0, 945420.0)	(37.0, 2069397.0)	(38.0, 5315916.0)	(39.0, 22877402.0)	(40.0, 3922772.0)
ch_1A_CKDL260002520-1A_2372W3LT4_L5_1	(13.0, 3.0)	(14.0, 23.0)	(15.0, 67.0)	(16.0, 107.0)	(17.0, 226.0)	(18.0, 425.0)	(19.0, 789.0)	(20.0, 1469.0)	(21.0, 2193.0)	(22.0, 2850.0)	(23.0, 3411.0)	(24.0, 3370.0)	(25.0, 3441.0)	(26.0, 3479.0)	(27.0, 3829.0)	(28.0, 4346.0)	(29.0, 4550.0)	(30.0, 5017.0)	(31.0, 5682.0)	(32.0, 7449.0)	(33.0, 10919.0)	(34.0, 12427.0)	(35.0, 15334.0)	(36.0, 22332.0)	(37.0, 43859.0)	(38.0, 99369.0)	(39.0, 600896.0)	(40.0, 219038.0)			
ch_1A_CKDL260002520-1A_2372W3LT4_L5_2	(11.0, 8.0)	(12.0, 34.0)	(13.0, 156.0)	(14.0, 437.0)	(15.0, 751.0)	(16.0, 878.0)	(17.0, 811.0)	(18.0, 774.0)	(19.0, 851.0)	(20.0, 953.0)	(21.0, 950.0)	(22.0, 1091.0)	(23.0, 1195.0)	(24.0, 1377.0)	(25.0, 1536.0)	(26.0, 1737.0)	(27.0, 1962.0)	(28.0, 2353.0)	(29.0, 2600.0)	(30.0, 3244.0)	(31.0, 3685.0)	(32.0, 4713.0)	(33.0, 5872.0)	(34.0, 7932.0)	(35.0, 11637.0)	(36.0, 18507.0)	(37.0, 39520.0)	(38.0, 101673.0)	(39.0, 640502.0)	(40.0, 219161.0)	
ch_1A_CKDL260002520-1A_23757VLT4_L4_1	(12.0, 1.0)	(13.0, 12.0)	(14.0, 140.0)	(15.0, 521.0)	(16.0, 1366.0)	(17.0, 5332.0)	(18.0, 19875.0)	(19.0, 48620.0)	(20.0, 79350.0)	(21.0, 126012.0)	(22.0, 149767.0)	(23.0, 125912.0)	(24.0, 88445.0)	(25.0, 61574.0)	(26.0, 53524.0)	(27.0, 52515.0)	(28.0, 54238.0)	(29.0, 61442.0)	(30.0, 75427.0)	(31.0, 97150.0)	(32.0, 162156.0)	(33.0, 238033.0)	(34.0, 288848.0)	(35.0, 414496.0)	(36.0, 667463.0)	(37.0, 1385922.0)	(38.0, 3423083.0)	(39.0, 16550287.0)	(40.0, 3370330.0)		
ch_1A_CKDL260002520-1A_23757VLT4_L4_2	(10.0, 4.0)	(11.0, 25.0)	(12.0, 313.0)	(13.0, 2042.0)	(14.0, 6681.0)	(15.0, 11353.0)	(16.0, 13005.0)	(17.0, 12320.0)	(18.0, 12413.0)	(19.0, 13013.0)	(20.0, 14783.0)	(21.0, 16013.0)	(22.0, 18503.0)	(23.0, 21177.0)	(24.0, 24134.0)	(25.0, 28174.0)	(26.0, 32825.0)	(27.0, 39411.0)	(28.0, 48127.0)	(29.0, 57358.0)	(30.0, 75349.0)	(31.0, 93147.0)	(32.0, 128524.0)	(33.0, 169826.0)	(34.0, 244842.0)	(35.0, 379811.0)	(36.0, 670256.0)	(37.0, 1490589.0)	(38.0, 3867714.0)	(39.0, 17126597.0)	(40.0, 2983512.0)
ch_1B_CKDL260002520-1A_2372W3LT4_L5_1	(12.0, 1.0)	(13.0, 6.0)	(14.0, 26.0)	(15.0, 66.0)	(16.0, 105.0)	(17.0, 181.0)	(18.0, 356.0)	(19.0, 591.0)	(20.0, 1099.0)	(21.0, 1749.0)	(22.0, 2658.0)	(23.0, 3186.0)	(24.0, 3341.0)	(25.0, 3373.0)	(26.0, 3204.0)	(27.0, 3592.0)	(28.0, 3838.0)	(29.0, 4377.0)	(30.0, 4727.0)	(31.0, 5147.0)	(32.0, 6440.0)	(33.0, 8361.0)	(34.0, 12061.0)	(35.0, 18132.0)	(36.0, 28846.0)	(37.0, 55141.0)	(38.0, 125019.0)	(39.0, 587842.0)	(40.0, 152983.0)		
ch_1B_CKDL260002520-1A_2372W3LT4_L5_2	(10.0, 3.0)	(11.0, 20.0)	(12.0, 94.0)	(13.0, 357.0)	(14.0, 775.0)	(15.0, 1208.0)	(16.0, 1309.0)	(17.0, 1185.0)	(18.0, 1090.0)	(19.0, 1119.0)	(20.0, 1102.0)	(21.0, 1222.0)	(22.0, 1276.0)	(23.0, 1386.0)	(24.0, 1522.0)	(25.0, 1742.0)	(26.0, 1925.0)	(27.0, 2206.0)	(28.0, 2447.0)	(29.0, 2745.0)	(30.0, 3458.0)	(31.0, 3834.0)	(32.0, 4958.0)	(33.0, 6605.0)	(34.0, 8975.0)	(35.0, 13586.0)	(36.0, 22966.0)	(37.0, 51907.0)	(38.0, 134095.0)	(39.0, 615818.0)	(40.0, 145513.0)
ch_1B_CKDL260002520-1A_23757VLT4_L4_1	(13.0, 13.0)	(14.0, 82.0)	(15.0, 343.0)	(16.0, 976.0)	(17.0, 3824.0)	(18.0, 14164.0)	(19.0, 34325.0)	(20.0, 67500.0)	(21.0, 135025.0)	(22.0, 170083.0)	(23.0, 145069.0)	(24.0, 98089.0)	(25.0, 65862.0)	(26.0, 54484.0)	(27.0, 52211.0)	(28.0, 56578.0)	(29.0, 66729.0)	(30.0, 86046.0)	(31.0, 108659.0)	(32.0, 164211.0)	(33.0, 262892.0)	(34.0, 425853.0)	(35.0, 621539.0)	(36.0, 997614.0)	(37.0, 2059309.0)	(38.0, 4912122.0)	(39.0, 17722458.0)	(40.0, 2645294.0)			
ch_1B_CKDL260002520-1A_23757VLT4_L4_2	(10.0, 2.0)	(11.0, 190.0)	(12.0, 1498.0)	(13.0, 6658.0)	(14.0, 17537.0)	(15.0, 28198.0)	(16.0, 30278.0)	(17.0, 27476.0)	(18.0, 25391.0)	(19.0, 24192.0)	(20.0, 25306.0)	(21.0, 26761.0)	(22.0, 29001.0)	(23.0, 32294.0)	(24.0, 35433.0)	(25.0, 40501.0)	(26.0, 46554.0)	(27.0, 55349.0)	(28.0, 69085.0)	(29.0, 82793.0)	(30.0, 110725.0)	(31.0, 138240.0)	(32.0, 196369.0)	(33.0, 264754.0)	(34.0, 401940.0)	(35.0, 643444.0)	(36.0, 1129665.0)	(37.0, 2430112.0)	(38.0, 5751138.0)	(39.0, 17249668.0)	(40.0, 2050802.0)
ch_1C_CKDL260002520-1A_2372W3LT4_L5_1	(12.0, 1.0)	(13.0, 1.0)	(14.0, 18.0)	(15.0, 63.0)	(16.0, 139.0)	(17.0, 192.0)	(18.0, 384.0)	(19.0, 749.0)	(20.0, 1228.0)	(21.0, 1855.0)	(22.0, 2815.0)	(23.0, 3278.0)	(24.0, 3291.0)	(25.0, 3212.0)	(26.0, 3147.0)	(27.0, 3380.0)	(28.0, 3659.0)	(29.0, 3931.0)	(30.0, 4377.0)	(31.0, 4688.0)	(32.0, 5606.0)	(33.0, 7268.0)	(34.0, 9568.0)	(35.0, 12474.0)	(36.0, 18698.0)	(37.0, 37046.0)	(38.0, 83153.0)	(39.0, 489710.0)	(40.0, 179078.0)		
ch_1C_CKDL260002520-1A_2372W3LT4_L5_2	(10.0, 2.0)	(11.0, 5.0)	(12.0, 33.0)	(13.0, 161.0)	(14.0, 479.0)	(15.0, 751.0)	(16.0, 837.0)	(17.0, 775.0)	(18.0, 704.0)	(19.0, 708.0)	(20.0, 768.0)	(21.0, 856.0)	(22.0, 913.0)	(23.0, 1050.0)	(24.0, 1134.0)	(25.0, 1362.0)	(26.0, 1474.0)	(27.0, 1656.0)	(28.0, 1923.0)	(29.0, 2233.0)	(30.0, 2709.0)	(31.0, 3065.0)	(32.0, 3956.0)	(33.0, 5150.0)	(34.0, 6880.0)	(35.0, 10082.0)	(36.0, 16277.0)	(37.0, 34301.0)	(38.0, 86325.0)	(39.0, 511435.0)	(40.0, 185005.0)
ch_1C_CKDL260002520-1A_23757VLT4_L4_1	(12.0, 2.0)	(13.0, 19.0)	(14.0, 144.0)	(15.0, 512.0)	(16.0, 1386.0)	(17.0, 5126.0)	(18.0, 17757.0)	(19.0, 40255.0)	(20.0, 68997.0)	(21.0, 122934.0)	(22.0, 150556.0)	(23.0, 125220.0)	(24.0, 84383.0)	(25.0, 56507.0)	(26.0, 48732.0)	(27.0, 46562.0)	(28.0, 49132.0)	(29.0, 55547.0)	(30.0, 67464.0)	(31.0, 81807.0)	(32.0, 117665.0)	(33.0, 175709.0)	(34.0, 242724.0)	(35.0, 360968.0)	(36.0, 584632.0)	(37.0, 1204705.0)	(38.0, 2892814.0)	(39.0, 13791435.0)	(40.0, 2924530.0)		
ch_1C_CKDL260002520-1A_23757VLT4_L4_2	(10.0, 1.0)	(11.0, 24.0)	(12.0, 304.0)	(13.0, 1864.0)	(14.0, 6212.0)	(15.0, 10951.0)	(16.0, 12636.0)	(17.0, 12055.0)	(18.0, 11941.0)	(19.0, 12557.0)	(20.0, 13828.0)	(21.0, 15275.0)	(22.0, 16960.0)	(23.0, 19642.0)	(24.0, 22072.0)	(25.0, 26123.0)	(26.0, 30079.0)	(27.0, 35535.0)	(28.0, 43983.0)	(29.0, 52203.0)	(30.0, 68286.0)	(31.0, 83905.0)	(32.0, 116132.0)	(33.0, 152808.0)	(34.0, 222064.0)	(35.0, 344311.0)	(36.0, 599054.0)	(37.0, 1310480.0)	(38.0, 3284734.0)	(39.0, 14134293.0)	(40.0, 2657912.0)
ch_1D_CKDL260002520-1A_2372W3LT4_L5_1	(13.0, 5.0)	(14.0, 30.0)	(15.0, 69.0)	(16.0, 96.0)	(17.0, 162.0)	(18.0, 318.0)	(19.0, 622.0)	(20.0, 1023.0)	(21.0, 1699.0)	(22.0, 2549.0)	(23.0, 2926.0)	(24.0, 2929.0)	(25.0, 2884.0)	(26.0, 2808.0)	(27.0, 3172.0)	(28.0, 3283.0)	(29.0, 3572.0)	(30.0, 3930.0)	(31.0, 4026.0)	(32.0, 4763.0)	(33.0, 5674.0)	(34.0, 7659.0)	(35.0, 11133.0)	(36.0, 16961.0)	(37.0, 34517.0)	(38.0, 80705.0)	(39.0, 448255.0)	(40.0, 135832.0)			
ch_1D_CKDL260002520-1A_2372W3LT4_L5_2	(10.0, 1.0)	(11.0, 5.0)	(12.0, 25.0)	(13.0, 100.0)	(14.0, 389.0)	(15.0, 642.0)	(16.0, 722.0)	(17.0, 644.0)	(18.0, 564.0)	(19.0, 538.0)	(20.0, 565.0)	(21.0, 637.0)	(22.0, 719.0)	(23.0, 867.0)	(24.0, 860.0)	(25.0, 1059.0)	(26.0, 1167.0)	(27.0, 1301.0)	(28.0, 1603.0)	(29.0, 1757.0)	(30.0, 2129.0)	(31.0, 2587.0)	(32.0, 3293.0)	(33.0, 4289.0)	(34.0, 5587.0)	(35.0, 8251.0)	(36.0, 13460.0)	(37.0, 29519.0)	(38.0, 77655.0)	(39.0, 466023.0)	(40.0, 154644.0)
ch_1D_CKDL260002520-1A_23757VLT4_L4_1	(13.0, 12.0)	(14.0, 86.0)	(15.0, 287.0)	(16.0, 1013.0)	(17.0, 4215.0)	(18.0, 15733.0)	(19.0, 35018.0)	(20.0, 61915.0)	(21.0, 117474.0)	(22.0, 146054.0)	(23.0, 123334.0)	(24.0, 84499.0)	(25.0, 54998.0)	(26.0, 43991.0)	(27.0, 40711.0)	(28.0, 40928.0)	(29.0, 46436.0)	(30.0, 55469.0)	(31.0, 66271.0)	(32.0, 92431.0)	(33.0, 135509.0)	(34.0, 210496.0)	(35.0, 323171.0)	(36.0, 534763.0)	(37.0, 1139435.0)	(38.0, 2831228.0)	(39.0, 12390699.0)	(40.0, 2225927.0)			
ch_1D_CKDL260002520-1A_23757VLT4_L4_2	(11.0, 16.0)	(12.0, 252.0)	(13.0, 1509.0)	(14.0, 4881.0)	(15.0, 8475.0)	(16.0, 9521.0)	(17.0, 9302.0)	(18.0, 8817.0)	(19.0, 9136.0)	(20.0, 10242.0)	(21.0, 11447.0)	(22.0, 12928.0)	(23.0, 14817.0)	(24.0, 16724.0)	(25.0, 19587.0)	(26.0, 23025.0)	(27.0, 27609.0)	(28.0, 34234.0)	(29.0, 41059.0)	(30.0, 53822.0)	(31.0, 67088.0)	(32.0, 94342.0)	(33.0, 126756.0)	(34.0, 184906.0)	(35.0, 292361.0)	(36.0, 523139.0)	(37.0, 1192859.0)	(38.0, 3087220.0)	(39.0, 12800134.0)	(40.0, 2135895.0)	
ch_2A_CKDL260002520-1A_2372W3LT4_L5_1	(14.0, 11.0)	(15.0, 45.0)	(16.0, 97.0)	(17.0, 169.0)	(18.0, 348.0)	(19.0, 701.0)	(20.0, 1156.0)	(21.0, 1758.0)	(22.0, 2289.0)	(23.0, 2569.0)	(24.0, 2697.0)	(25.0, 2523.0)	(26.0, 2696.0)	(27.0, 3030.0)	(28.0, 3310.0)	(29.0, 3425.0)	(30.0, 3983.0)	(31.0, 4436.0)	(32.0, 6013.0)	(33.0, 8528.0)	(34.0, 9901.0)	(35.0, 12396.0)	(36.0, 17955.0)	(37.0, 34243.0)	(38.0, 78173.0)	(39.0, 477058.0)	(40.0, 175374.0)				
ch_2A_CKDL260002520-1A_2372W3LT4_L5_2	(11.0, 4.0)	(12.0, 17.0)	(13.0, 110.0)	(14.0, 358.0)	(15.0, 645.0)	(16.0, 762.0)	(17.0, 744.0)	(18.0, 716.0)	(19.0, 686.0)	(20.0, 779.0)	(21.0, 813.0)	(22.0, 906.0)	(23.0, 1093.0)	(24.0, 1141.0)	(25.0, 1314.0)	(26.0, 1489.0)	(27.0, 1666.0)	(28.0, 1985.0)	(29.0, 2286.0)	(30.0, 2663.0)	(31.0, 3145.0)	(32.0, 3982.0)	(33.0, 4867.0)	(34.0, 6650.0)	(35.0, 9816.0)	(36.0, 15705.0)	(37.0, 32896.0)	(38.0, 82479.0)	(39.0, 496446.0)	(40.0, 178721.0)	
ch_2A_CKDL260002520-1A_23757VLT4_L4_1	(12.0, 2.0)	(13.0, 12.0)	(14.0, 75.0)	(15.0, 271.0)	(16.0, 974.0)	(17.0, 3814.0)	(18.0, 14895.0)	(19.0, 35912.0)	(20.0, 58199.0)	(21.0, 91081.0)	(22.0, 106453.0)	(23.0, 88893.0)	(24.0, 63439.0)	(25.0, 46315.0)	(26.0, 42073.0)	(27.0, 42240.0)	(28.0, 44542.0)	(29.0, 50889.0)	(30.0, 63946.0)	(31.0, 82480.0)	(32.0, 131129.0)	(33.0, 181534.0)	(34.0, 230759.0)	(35.0, 331783.0)	(36.0, 527183.0)	(37.0, 1072772.0)	(38.0, 2611861.0)	(39.0, 12760131.0)	(40.0, 2749422.0)		
ch_2A_CKDL260002520-1A_23757VLT4_L4_2	(10.0, 2.0)	(11.0, 14.0)	(12.0, 162.0)	(13.0, 1355.0)	(14.0, 4578.0)	(15.0, 8241.0)	(16.0, 9948.0)	(17.0, 9850.0)	(18.0, 10045.0)	(19.0, 10528.0)	(20.0, 11887.0)	(21.0, 13269.0)	(22.0, 15175.0)	(23.0, 17632.0)	(24.0, 19641.0)	(25.0, 23424.0)	(26.0, 27265.0)	(27.0, 32485.0)	(28.0, 40327.0)	(29.0, 48629.0)	(30.0, 63638.0)	(31.0, 79361.0)	(32.0, 109612.0)	(33.0, 143692.0)	(34.0, 209056.0)	(35.0, 322542.0)	(36.0, 561752.0)	(37.0, 1216996.0)	(38.0, 3050627.0)	(39.0, 12987038.0)	(40.0, 2384308.0)
ch_2B_CKDL260002520-1A_2372W3LT4_L5_1	(13.0, 5.0)	(14.0, 22.0)	(15.0, 66.0)	(16.0, 75.0)	(17.0, 164.0)	(18.0, 307.0)	(19.0, 482.0)	(20.0, 902.0)	(21.0, 1608.0)	(22.0, 2592.0)	(23.0, 3322.0)	(24.0, 3419.0)	(25.0, 2943.0)	(26.0, 3036.0)	(27.0, 3171.0)	(28.0, 3340.0)	(29.0, 3655.0)	(30.0, 3911.0)	(31.0, 4054.0)	(32.0, 4472.0)	(33.0, 5189.0)	(34.0, 6772.0)	(35.0, 9778.0)	(36.0, 15051.0)	(37.0, 29633.0)	(38.0, 67676.0)	(39.0, 407469.0)	(40.0, 163470.0)			
ch_2B_CKDL260002520-1A_2372W3LT4_L5_2	(11.0, 3.0)	(12.0, 36.0)	(13.0, 150.0)	(14.0, 360.0)	(15.0, 618.0)	(16.0, 694.0)	(17.0, 639.0)	(18.0, 567.0)	(19.0, 546.0)	(20.0, 557.0)	(21.0, 630.0)	(22.0, 687.0)	(23.0, 810.0)	(24.0, 822.0)	(25.0, 972.0)	(26.0, 1042.0)	(27.0, 1282.0)	(28.0, 1436.0)	(29.0, 1616.0)	(30.0, 2090.0)	(31.0, 2444.0)	(32.0, 3185.0)	(33.0, 4039.0)	(34.0, 5385.0)	(35.0, 7924.0)	(36.0, 13228.0)	(37.0, 28547.0)	(38.0, 73078.0)	(39.0, 431698.0)	(40.0, 161499.0)	
ch_2B_CKDL260002520-1A_23757VLT4_L4_1	(13.0, 7.0)	(14.0, 70.0)	(15.0, 279.0)	(16.0, 826.0)	(17.0, 3449.0)	(18.0, 11438.0)	(19.0, 24351.0)	(20.0, 54746.0)	(21.0, 134606.0)	(22.0, 172817.0)	(23.0, 140295.0)	(24.0, 89690.0)	(25.0, 53628.0)	(26.0, 40597.0)	(27.0, 36773.0)	(28.0, 36113.0)	(29.0, 41130.0)	(30.0, 48028.0)	(31.0, 56110.0)	(32.0, 75166.0)	(33.0, 111442.0)	(34.0, 179086.0)	(35.0, 279145.0)	(36.0, 448585.0)	(37.0, 921330.0)	(38.0, 2290135.0)	(39.0, 11484942.0)	(40.0, 2658963.0)			
ch_2B_CKDL260002520-1A_23757VLT4_L4_2	(10.0, 2.0)	(11.0, 29.0)	(12.0, 294.0)	(13.0, 1801.0)	(14.0, 5574.0)	(15.0, 9795.0)	(16.0, 10875.0)	(17.0, 10123.0)	(18.0, 9306.0)	(19.0, 9207.0)	(20.0, 9861.0)	(21.0, 10869.0)	(22.0, 12072.0)	(23.0, 13726.0)	(24.0, 15147.0)	(25.0, 18115.0)	(26.0, 21182.0)	(27.0, 25218.0)	(28.0, 31806.0)	(29.0, 37948.0)	(30.0, 51043.0)	(31.0, 63987.0)	(32.0, 91088.0)	(33.0, 120279.0)	(34.0, 175069.0)	(35.0, 277520.0)	(36.0, 492196.0)	(37.0, 1094451.0)	(38.0, 2727787.0)	(39.0, 11734632.0)	(40.0, 2312745.0)
ch_2C_CKDL260002520-1A_2372W3LT4_L5_1	(13.0, 4.0)	(14.0, 24.0)	(15.0, 67.0)	(16.0, 121.0)	(17.0, 225.0)	(18.0, 493.0)	(19.0, 855.0)	(20.0, 1436.0)	(21.0, 2084.0)	(22.0, 2858.0)	(23.0, 3154.0)	(24.0, 3160.0)	(25.0, 3297.0)	(26.0, 3412.0)	(27.0, 3740.0)	(28.0, 4163.0)	(29.0, 4505.0)	(30.0, 5161.0)	(31.0, 6181.0)	(32.0, 9379.0)	(33.0, 11785.0)	(34.0, 13464.0)	(35.0, 16904.0)	(36.0, 24581.0)	(37.0, 45626.0)	(38.0, 100363.0)	(39.0, 612648.0)	(40.0, 265266.0)			
ch_2C_CKDL260002520-1A_2372W3LT4_L5_2	(11.0, 4.0)	(12.0, 34.0)	(13.0, 199.0)	(14.0, 462.0)	(15.0, 859.0)	(16.0, 1050.0)	(17.0, 842.0)	(18.0, 878.0)	(19.0, 946.0)	(20.0, 1062.0)	(21.0, 1109.0)	(22.0, 1204.0)	(23.0, 1353.0)	(24.0, 1520.0)	(25.0, 1822.0)	(26.0, 1930.0)	(27.0, 2378.0)	(28.0, 2748.0)	(29.0, 3177.0)	(30.0, 3924.0)	(31.0, 4465.0)	(32.0, 5662.0)	(33.0, 7055.0)	(34.0, 9272.0)	(35.0, 13300.0)	(36.0, 20961.0)	(37.0, 43197.0)	(38.0, 108316.0)	(39.0, 656586.0)	(40.0, 248641.0)	
ch_2C_CKDL260002520-1A_23757VLT4_L4_1	(12.0, 3.0)	(13.0, 23.0)	(14.0, 148.0)	(15.0, 477.0)	(16.0, 1518.0)	(17.0, 5444.0)	(18.0, 19610.0)	(19.0, 44721.0)	(20.0, 71173.0)	(21.0, 113301.0)	(22.0, 132768.0)	(23.0, 111349.0)	(24.0, 80560.0)	(25.0, 60513.0)	(26.0, 57360.0)	(27.0, 57543.0)	(28.0, 62070.0)	(29.0, 72848.0)	(30.0, 92521.0)	(31.0, 123517.0)	(32.0, 200461.0)	(33.0, 261311.0)	(34.0, 333758.0)	(35.0, 463232.0)	(36.0, 716755.0)	(37.0, 1432949.0)	(38.0, 3436814.0)	(39.0, 17623109.0)	(40.0, 4539207.0)		
ch_2C_CKDL260002520-1A_23757VLT4_L4_2	(11.0, 33.0)	(12.0, 299.0)	(13.0, 2089.0)	(14.0, 6750.0)	(15.0, 11670.0)	(16.0, 13714.0)	(17.0, 13715.0)	(18.0, 14145.0)	(19.0, 14935.0)	(20.0, 16709.0)	(21.0, 18775.0)	(22.0, 21830.0)	(23.0, 24847.0)	(24.0, 28443.0)	(25.0, 33809.0)	(26.0, 39494.0)	(27.0, 47806.0)	(28.0, 60137.0)	(29.0, 72779.0)	(30.0, 95658.0)	(31.0, 119420.0)	(32.0, 163963.0)	(33.0, 215052.0)	(34.0, 308164.0)	(35.0, 463644.0)	(36.0, 792666.0)	(37.0, 1653519.0)	(38.0, 4086540.0)	(39.0, 18208735.0)	(40.0, 3565723.0)	
ch_2D_CKDL260002520-1A_2372W3LT4_L5_1	(13.0, 3.0)	(14.0, 39.0)	(15.0, 70.0)	(16.0, 117.0)	(17.0, 207.0)	(18.0, 395.0)	(19.0, 668.0)	(20.0, 1103.0)	(21.0, 1571.0)	(22.0, 2162.0)	(23.0, 2386.0)	(24.0, 2619.0)	(25.0, 2531.0)	(26.0, 2767.0)	(27.0, 3020.0)	(28.0, 3245.0)	(29.0, 3595.0)	(30.0, 4125.0)	(31.0, 4542.0)	(32.0, 5784.0)	(33.0, 7957.0)	(34.0, 10362.0)	(35.0, 13033.0)	(36.0, 19054.0)	(37.0, 36038.0)	(38.0, 81675.0)	(39.0, 476149.0)	(40.0, 166018.0)			
ch_2D_CKDL260002520-1A_2372W3LT4_L5_2	(11.0, 3.0)	(12.0, 22.0)	(13.0, 122.0)	(14.0, 377.0)	(15.0, 650.0)	(16.0, 725.0)	(17.0, 674.0)	(18.0, 644.0)	(19.0, 620.0)	(20.0, 756.0)	(21.0, 795.0)	(22.0, 882.0)	(23.0, 1003.0)	(24.0, 1096.0)	(25.0, 1259.0)	(26.0, 1458.0)	(27.0, 1580.0)	(28.0, 1828.0)	(29.0, 2134.0)	(30.0, 2556.0)	(31.0, 3047.0)	(32.0, 3930.0)	(33.0, 4917.0)	(34.0, 6440.0)	(35.0, 9288.0)	(36.0, 15028.0)	(37.0, 31438.0)	(38.0, 80290.0)	(39.0, 493587.0)	(40.0, 184086.0)	
ch_2D_CKDL260002520-1A_23757VLT4_L4_1	(13.0, 15.0)	(14.0, 97.0)	(15.0, 381.0)	(16.0, 1057.0)	(17.0, 4226.0)	(18.0, 15323.0)	(19.0, 34150.0)	(20.0, 54727.0)	(21.0, 87631.0)	(22.0, 100633.0)	(23.0, 83470.0)	(24.0, 59686.0)	(25.0, 44738.0)	(26.0, 41674.0)	(27.0, 42676.0)	(28.0, 45725.0)	(29.0, 52747.0)	(30.0, 65973.0)	(31.0, 82140.0)	(32.0, 122517.0)	(33.0, 179497.0)	(34.0, 239007.0)	(35.0, 344422.0)	(36.0, 548234.0)	(37.0, 1122633.0)	(38.0, 2699635.0)	(39.0, 12780303.0)	(40.0, 2501936.0)			
ch_2D_CKDL260002520-1A_23757VLT4_L4_2	(11.0, 17.0)	(12.0, 177.0)	(13.0, 1284.0)	(14.0, 4102.0)	(15.0, 7262.0)	(16.0, 8630.0)	(17.0, 8845.0)	(18.0, 8599.0)	(19.0, 9550.0)	(20.0, 10737.0)	(21.0, 12172.0)	(22.0, 14086.0)	(23.0, 16147.0)	(24.0, 18475.0)	(25.0, 21972.0)	(26.0, 25126.0)	(27.0, 30331.0)	(28.0, 37612.0)	(29.0, 44915.0)	(30.0, 59405.0)	(31.0, 74030.0)	(32.0, 102571.0)	(33.0, 134970.0)	(34.0, 195195.0)	(35.0, 300785.0)	(36.0, 525341.0)	(37.0, 1145592.0)	(38.0, 2921001.0)	(39.0, 13094835.0)	(40.0, 2521489.0)	
ch_3A_CKDL260002520-1A_2372W3LT4_L5_1	(13.0, 5.0)	(14.0, 36.0)	(15.0, 120.0)	(16.0, 144.0)	(17.0, 217.0)	(18.0, 418.0)	(19.0, 755.0)	(20.0, 1259.0)	(21.0, 1860.0)	(22.0, 2492.0)	(23.0, 2859.0)	(24.0, 3021.0)	(25.0, 3020.0)	(26.0, 3168.0)	(27.0, 3459.0)	(28.0, 3936.0)	(29.0, 4282.0)	(30.0, 4899.0)	(31.0, 5480.0)	(32.0, 8262.0)	(33.0, 10863.0)	(34.0, 12074.0)	(35.0, 15690.0)	(36.0, 22912.0)	(37.0, 44479.0)	(38.0, 103878.0)	(39.0, 602685.0)	(40.0, 183260.0)			
ch_3A_CKDL260002520-1A_2372W3LT4_L5_2	(11.0, 7.0)	(12.0, 32.0)	(13.0, 166.0)	(14.0, 513.0)	(15.0, 915.0)	(16.0, 956.0)	(17.0, 808.0)	(18.0, 798.0)	(19.0, 823.0)	(20.0, 921.0)	(21.0, 941.0)	(22.0, 1008.0)	(23.0, 1165.0)	(24.0, 1304.0)	(25.0, 1567.0)	(26.0, 1773.0)	(27.0, 2018.0)	(28.0, 2335.0)	(29.0, 2621.0)	(30.0, 3181.0)	(31.0, 3650.0)	(32.0, 4666.0)	(33.0, 6006.0)	(34.0, 7691.0)	(35.0, 10951.0)	(36.0, 17757.0)	(37.0, 38132.0)	(38.0, 99878.0)	(39.0, 627860.0)	(40.0, 205090.0)	
ch_3A_CKDL260002520-1A_23757VLT4_L4_1	(13.0, 24.0)	(14.0, 153.0)	(15.0, 498.0)	(16.0, 1297.0)	(17.0, 5141.0)	(18.0, 17654.0)	(19.0, 41173.0)	(20.0, 67337.0)	(21.0, 107705.0)	(22.0, 127264.0)	(23.0, 108042.0)	(24.0, 79398.0)	(25.0, 58431.0)	(26.0, 53744.0)	(27.0, 53835.0)	(28.0, 56722.0)	(29.0, 65087.0)	(30.0, 80955.0)	(31.0, 106893.0)	(32.0, 177295.0)	(33.0, 239010.0)	(34.0, 305929.0)	(35.0, 431888.0)	(36.0, 697255.0)	(37.0, 1464352.0)	(38.0, 3650265.0)	(39.0, 16396327.0)	(40.0, 2746497.0)			
ch_3A_CKDL260002520-1A_23757VLT4_L4_2	(10.0, 4.0)	(11.0, 27.0)	(12.0, 289.0)	(13.0, 1739.0)	(14.0, 5935.0)	(15.0, 10511.0)	(16.0, 12426.0)	(17.0, 12332.0)	(18.0, 12351.0)	(19.0, 13018.0)	(20.0, 14938.0)	(21.0, 16924.0)	(22.0, 19314.0)	(23.0, 22076.0)	(24.0, 25037.0)	(25.0, 29558.0)	(26.0, 33639.0)	(27.0, 40241.0)	(28.0, 49257.0)	(29.0, 58277.0)	(30.0, 76027.0)	(31.0, 94002.0)	(32.0, 129241.0)	(33.0, 169203.0)	(34.0, 243074.0)	(35.0, 375991.0)	(36.0, 662181.0)	(37.0, 1486965.0)	(38.0, 3908921.0)	(39.0, 16869749.0)	(40.0, 2746924.0)
ch_3B_CKDL260002520-1A_2372W3LT4_L5_1	(13.0, 1.0)	(14.0, 16.0)	(15.0, 65.0)	(16.0, 130.0)	(17.0, 276.0)	(18.0, 562.0)	(19.0, 1173.0)	(20.0, 2002.0)	(21.0, 3068.0)	(22.0, 4112.0)	(23.0, 4763.0)	(24.0, 4713.0)	(25.0, 4699.0)	(26.0, 4817.0)	(27.0, 5255.0)	(28.0, 5886.0)	(29.0, 6219.0)	(30.0, 6967.0)	(31.0, 7705.0)	(32.0, 9363.0)	(33.0, 12791.0)	(34.0, 17864.0)	(35.0, 23152.0)	(36.0, 33757.0)	(37.0, 63032.0)	(38.0, 140209.0)	(39.0, 846495.0)	(40.0, 340889.0)			
ch_3B_CKDL260002520-1A_2372W3LT4_L5_2	(11.0, 8.0)	(12.0, 54.0)	(13.0, 211.0)	(14.0, 577.0)	(15.0, 974.0)	(16.0, 1138.0)	(17.0, 1083.0)	(18.0, 1016.0)	(19.0, 1031.0)	(20.0, 1140.0)	(21.0, 1200.0)	(22.0, 1330.0)	(23.0, 1549.0)	(24.0, 1676.0)	(25.0, 1980.0)	(26.0, 2303.0)	(27.0, 2525.0)	(28.0, 2945.0)	(29.0, 3395.0)	(30.0, 4344.0)	(31.0, 4898.0)	(32.0, 6404.0)	(33.0, 8034.0)	(34.0, 10804.0)	(35.0, 16125.0)	(36.0, 25915.0)	(37.0, 54847.0)	(38.0, 139357.0)	(39.0, 893955.0)	(40.0, 359163.0)	
ch_3B_CKDL260002520-1A_23757VLT4_L4_1	(13.0, 20.0)	(14.0, 189.0)	(15.0, 615.0)	(16.0, 1608.0)	(17.0, 6912.0)	(18.0, 27466.0)	(19.0, 66375.0)	(20.0, 107466.0)	(21.0, 171116.0)	(22.0, 201630.0)	(23.0, 167664.0)	(24.0, 115567.0)	(25.0, 79226.0)	(26.0, 70443.0)	(27.0, 69640.0)	(28.0, 73030.0)	(29.0, 84174.0)	(30.0, 104719.0)	(31.0, 130102.0)	(32.0, 189792.0)	(33.0, 297677.0)	(34.0, 416874.0)	(35.0, 581626.0)	(36.0, 927684.0)	(37.0, 1893957.0)	(38.0, 4626173.0)	(39.0, 23401857.0)	(40.0, 5539391.0)			
ch_3B_CKDL260002520-1A_23757VLT4_L4_2	(10.0, 2.0)	(11.0, 38.0)	(12.0, 402.0)	(13.0, 2629.0)	(14.0, 8374.0)	(15.0, 13766.0)	(16.0, 15633.0)	(17.0, 15001.0)	(18.0, 14918.0)	(19.0, 15897.0)	(20.0, 17606.0)	(21.0, 20007.0)	(22.0, 22424.0)	(23.0, 25833.0)	(24.0, 29023.0)	(25.0, 33949.0)	(26.0, 39056.0)	(27.0, 47028.0)	(28.0, 57918.0)	(29.0, 70520.0)	(30.0, 94133.0)	(31.0, 118510.0)	(32.0, 165347.0)	(33.0, 220757.0)	(34.0, 332193.0)	(35.0, 518595.0)	(36.0, 915093.0)	(37.0, 2005172.0)	(38.0, 5186007.0)	(39.0, 24312464.0)	(40.0, 5034698.0)
ch_3C_CKDL260002520-1A_2372W3LT4_L5_1	(13.0, 2.0)	(14.0, 42.0)	(15.0, 87.0)	(16.0, 113.0)	(17.0, 243.0)	(18.0, 428.0)	(19.0, 774.0)	(20.0, 1266.0)	(21.0, 1934.0)	(22.0, 2592.0)	(23.0, 3056.0)	(24.0, 2907.0)	(25.0, 3017.0)	(26.0, 3057.0)	(27.0, 3320.0)	(28.0, 3649.0)	(29.0, 3956.0)	(30.0, 4595.0)	(31.0, 4924.0)	(32.0, 6179.0)	(33.0, 8441.0)	(34.0, 11141.0)	(35.0, 14136.0)	(36.0, 20671.0)	(37.0, 40216.0)	(38.0, 89449.0)	(39.0, 524709.0)	(40.0, 189384.0)			
ch_3C_CKDL260002520-1A_2372W3LT4_L5_2	(11.0, 3.0)	(12.0, 35.0)	(13.0, 151.0)	(14.0, 523.0)	(15.0, 867.0)	(16.0, 923.0)	(17.0, 781.0)	(18.0, 713.0)	(19.0, 766.0)	(20.0, 848.0)	(21.0, 836.0)	(22.0, 998.0)	(23.0, 1130.0)	(24.0, 1200.0)	(25.0, 1415.0)	(26.0, 1496.0)	(27.0, 1782.0)	(28.0, 2053.0)	(29.0, 2350.0)	(30.0, 2894.0)	(31.0, 3381.0)	(32.0, 4316.0)	(33.0, 5300.0)	(34.0, 7095.0)	(35.0, 10518.0)	(36.0, 17224.0)	(37.0, 36179.0)	(38.0, 91631.0)	(39.0, 545866.0)	(40.0, 201014.0)	
ch_3C_CKDL260002520-1A_23757VLT4_L4_1	(13.0, 17.0)	(14.0, 109.0)	(15.0, 453.0)	(16.0, 1210.0)	(17.0, 5031.0)	(18.0, 17304.0)	(19.0, 39918.0)	(20.0, 66296.0)	(21.0, 108800.0)	(22.0, 127603.0)	(23.0, 105678.0)	(24.0, 72282.0)	(25.0, 51396.0)	(26.0, 47546.0)	(27.0, 47239.0)	(28.0, 50784.0)	(29.0, 59592.0)	(30.0, 74236.0)	(31.0, 92043.0)	(32.0, 138614.0)	(33.0, 208407.0)	(34.0, 271056.0)	(35.0, 391833.0)	(36.0, 624513.0)	(37.0, 1268297.0)	(38.0, 3051320.0)	(39.0, 14801828.0)	(40.0, 3108746.0)			
ch_3C_CKDL260002520-1A_23757VLT4_L4_2	(10.0, 1.0)	(11.0, 18.0)	(12.0, 250.0)	(13.0, 1868.0)	(14.0, 6278.0)	(15.0, 11167.0)	(16.0, 13086.0)	(17.0, 12395.0)	(18.0, 12103.0)	(19.0, 12595.0)	(20.0, 13855.0)	(21.0, 15364.0)	(22.0, 17376.0)	(23.0, 19800.0)	(24.0, 22093.0)	(25.0, 26347.0)	(26.0, 30548.0)	(27.0, 36243.0)	(28.0, 44718.0)	(29.0, 53507.0)	(30.0, 70537.0)	(31.0, 86838.0)	(32.0, 120682.0)	(33.0, 159420.0)	(34.0, 231759.0)	(35.0, 357821.0)	(36.0, 625808.0)	(37.0, 1379079.0)	(38.0, 3481549.0)	(39.0, 15108453.0)	(40.0, 2860593.0)
ch_3D_CKDL260002520-1A_2372W3LT4_L5_1	(13.0, 1.0)	(14.0, 15.0)	(15.0, 47.0)	(16.0, 81.0)	(17.0, 175.0)	(18.0, 403.0)	(19.0, 730.0)	(20.0, 1291.0)	(21.0, 2018.0)	(22.0, 2643.0)	(23.0, 3160.0)	(24.0, 3162.0)	(25.0, 3049.0)	(26.0, 3189.0)	(27.0, 3551.0)	(28.0, 3723.0)	(29.0, 4206.0)	(30.0, 4597.0)	(31.0, 5088.0)	(32.0, 6461.0)	(33.0, 9050.0)	(34.0, 11515.0)	(35.0, 14325.0)	(36.0, 21191.0)	(37.0, 41642.0)	(38.0, 96769.0)	(39.0, 567164.0)	(40.0, 191300.0)			
ch_3D_CKDL260002520-1A_2372W3LT4_L5_2	(11.0, 3.0)	(12.0, 26.0)	(13.0, 125.0)	(14.0, 362.0)	(15.0, 730.0)	(16.0, 789.0)	(17.0, 741.0)	(18.0, 664.0)	(19.0, 676.0)	(20.0, 754.0)	(21.0, 798.0)	(22.0, 867.0)	(23.0, 1076.0)	(24.0, 1083.0)	(25.0, 1298.0)	(26.0, 1537.0)	(27.0, 1738.0)	(28.0, 2030.0)	(29.0, 2251.0)	(30.0, 2819.0)	(31.0, 3202.0)	(32.0, 4238.0)	(33.0, 5320.0)	(34.0, 7035.0)	(35.0, 10401.0)	(36.0, 16644.0)	(37.0, 35800.0)	(38.0, 92926.0)	(39.0, 588473.0)	(40.0, 216140.0)	
ch_3D_CKDL260002520-1A_23757VLT4_L4_1	(12.0, 1.0)	(13.0, 10.0)	(14.0, 118.0)	(15.0, 422.0)	(16.0, 1116.0)	(17.0, 4695.0)	(18.0, 18687.0)	(19.0, 45691.0)	(20.0, 75184.0)	(21.0, 119401.0)	(22.0, 140201.0)	(23.0, 119544.0)	(24.0, 83527.0)	(25.0, 57904.0)	(26.0, 50131.0)	(27.0, 48560.0)	(28.0, 50459.0)	(29.0, 57752.0)	(30.0, 71941.0)	(31.0, 90684.0)	(32.0, 144824.0)	(33.0, 213908.0)	(34.0, 271188.0)	(35.0, 396381.0)	(36.0, 644237.0)	(37.0, 1346682.0)	(38.0, 3326169.0)	(39.0, 15821049.0)	(40.0, 3132513.0)		
ch_3D_CKDL260002520-1A_23757VLT4_L4_2	(10.0, 2.0)	(11.0, 23.0)	(12.0, 253.0)	(13.0, 1673.0)	(14.0, 5549.0)	(15.0, 9702.0)	(16.0, 10977.0)	(17.0, 10702.0)	(18.0, 10374.0)	(19.0, 11014.0)	(20.0, 12355.0)	(21.0, 13834.0)	(22.0, 15892.0)	(23.0, 17857.0)	(24.0, 20464.0)	(25.0, 24432.0)	(26.0, 28377.0)	(27.0, 34566.0)	(28.0, 43334.0)	(29.0, 52433.0)	(30.0, 69087.0)	(31.0, 85295.0)	(32.0, 118467.0)	(33.0, 157731.0)	(34.0, 230834.0)	(35.0, 358373.0)	(36.0, 630915.0)	(37.0, 1407511.0)	(38.0, 3654703.0)	(39.0, 16277950.0)	(40.0, 3018300.0)
