Sample	fastqc-percent_duplicates	fastqc-percent_gc	fastqc-avg_sequence_length	fastqc-median_sequence_length	fastqc-percent_fails	fastqc-total_sequences
C1_A_CKDL260002520-1A_2372W3LT4_L5_1	88.25435394040994	62.0	150.0	150	27.27272727272727	0.8255739999999999
C1_A_CKDL260002520-1A_2372W3LT4_L5_2	89.64054100540957	61.0	150.0	150	18.181818181818183	0.8255739999999999
C1_A_CKDL260002520-1A_23757VLT4_L4_1	94.52288057267319	61.0	150.0	150	18.181818181818183	19.832112
C1_A_CKDL260002520-1A_23757VLT4_L4_2	94.8088232371104	61.0	150.0	150	27.27272727272727	19.832112
C1_B_CKDL260002520-1A_2372W3LT4_L5_1	87.48572212767236	61.0	150.0	150	27.27272727272727	1.104652
C1_B_CKDL260002520-1A_2372W3LT4_L5_2	88.85336608519796	60.0	150.0	150	27.27272727272727	1.104652
C1_B_CKDL260002520-1A_23757VLT4_L4_1	94.00323791885201	60.0	150.0	150	27.27272727272727	27.586183
C1_B_CKDL260002520-1A_23757VLT4_L4_2	94.21361595870017	60.0	150.0	150	27.27272727272727	27.586183
C1_C_CKDL260002520-1A_2372W3LT4_L5_1	88.68518141579841	61.0	150.0	150	27.27272727272727	1.3277109999999999
C1_C_CKDL260002520-1A_2372W3LT4_L5_2	89.45709016010676	60.0	150.0	150	27.27272727272727	1.3277109999999999
C1_C_CKDL260002520-1A_23757VLT4_L4_1	94.83388705253645	60.0	150.0	150	27.27272727272727	34.196173
C1_C_CKDL260002520-1A_23757VLT4_L4_2	94.79351379175095	60.0	150.0	150	27.27272727272727	34.196173
C1_D_CKDL260002520-1A_2372W3LT4_L5_1	86.66653568119749	61.0	150.0	150	18.181818181818183	0.661651
C1_D_CKDL260002520-1A_2372W3LT4_L5_2	88.4303054026972	61.0	150.0	150	27.27272727272727	0.661651
C1_D_CKDL260002520-1A_23757VLT4_L4_1	93.79166830924734	61.0	150.0	150	18.181818181818183	17.725013999999998
C1_D_CKDL260002520-1A_23757VLT4_L4_2	94.0057226561571	60.0	150.0	150	27.27272727272727	17.725013999999998
C2_A_CKDL260002520-1A_2372W3LT4_L5_1	87.60501556293202	61.0	150.0	150	27.27272727272727	0.971
C2_A_CKDL260002520-1A_2372W3LT4_L5_2	88.93081404052727	61.0	150.0	150	18.181818181818183	0.971
C2_A_CKDL260002520-1A_23757VLT4_L4_1	94.09484170201708	61.0	150.0	150	27.27272727272727	25.876269999999998
C2_A_CKDL260002520-1A_23757VLT4_L4_2	94.27984485693922	60.0	150.0	150	27.27272727272727	25.876269999999998
C2_B_CKDL260002520-1A_2372W3LT4_L5_1	85.99820727107546	61.0	150.0	150	18.181818181818183	0.878361
C2_B_CKDL260002520-1A_2372W3LT4_L5_2	87.52624963849486	60.0	150.0	150	27.27272727272727	0.878361
C2_B_CKDL260002520-1A_23757VLT4_L4_1	93.14297701417915	60.0	150.0	150	27.27272727272727	23.461358
C2_B_CKDL260002520-1A_23757VLT4_L4_2	93.35971091869683	60.0	150.0	150	27.27272727272727	23.461358
C2_C_CKDL260002520-1A_2372W3LT4_L5_1	87.0020767962491	61.0	150.0	150	18.181818181818183	0.839567
C2_C_CKDL260002520-1A_2372W3LT4_L5_2	88.53778197570891	60.0	150.0	150	27.27272727272727	0.839567
C2_C_CKDL260002520-1A_23757VLT4_L4_1	93.8190020436446	60.0	150.0	150	27.27272727272727	22.442622999999998
C2_C_CKDL260002520-1A_23757VLT4_L4_2	94.0824641981447	60.0	150.0	150	27.27272727272727	22.442622999999998
C2_D_CKDL260002520-1A_2372W3LT4_L5_1	87.78728082205804	61.0	150.0	150	18.181818181818183	1.218851
C2_D_CKDL260002520-1A_2372W3LT4_L5_2	89.01086960928392	60.0	150.0	150	27.27272727272727	1.218851
C2_D_CKDL260002520-1A_23757VLT4_L4_1	94.10660520447078	60.0	150.0	150	27.27272727272727	31.745914
C2_D_CKDL260002520-1A_23757VLT4_L4_2	94.33019614568938	60.0	150.0	150	27.27272727272727	31.745914
C3_A_CKDL260002520-1A_2372W3LT4_L5_1	88.33760141303249	61.0	150.0	150	18.181818181818183	1.228227
C3_A_CKDL260002520-1A_2372W3LT4_L5_2	89.62057655354693	61.0	150.0	150	27.27272727272727	1.228227
C3_A_CKDL260002520-1A_23757VLT4_L4_1	94.53197577668476	60.0	150.0	150	18.181818181818183	32.392224999999996
C3_A_CKDL260002520-1A_23757VLT4_L4_2	94.78365993052812	60.0	150.0	150	27.27272727272727	32.392224999999996
C3_B_CKDL260002520-1A_2372W3LT4_L5_1	86.43332869077628	60.0	150.0	150	27.27272727272727	0.872904
C3_B_CKDL260002520-1A_2372W3LT4_L5_2	88.4557722855075	60.0	150.0	150	27.27272727272727	0.872904
C3_B_CKDL260002520-1A_23757VLT4_L4_1	93.29910460638611	60.0	150.0	150	27.27272727272727	22.167697999999998
C3_B_CKDL260002520-1A_23757VLT4_L4_2	93.50475371470105	60.0	150.0	150	27.27272727272727	22.167697999999998
C3_C_CKDL260002520-1A_2372W3LT4_L5_1	87.31903989947159	61.0	150.0	150	27.27272727272727	0.981298
C3_C_CKDL260002520-1A_2372W3LT4_L5_2	88.59935566708486	60.0	150.0	150	27.27272727272727	0.981298
C3_C_CKDL260002520-1A_23757VLT4_L4_1	94.07973198377154	60.0	150.0	150	27.27272727272727	26.873911999999997
C3_C_CKDL260002520-1A_23757VLT4_L4_2	94.1599817576549	60.0	150.0	150	27.27272727272727	26.873911999999997
C3_D_CKDL260002520-1A_2372W3LT4_L5_1	87.74362880788318	61.0	150.0	150	18.181818181818183	1.402701
C3_D_CKDL260002520-1A_2372W3LT4_L5_2	89.00114714878598	60.0	150.0	150	27.27272727272727	1.402701
C3_D_CKDL260002520-1A_23757VLT4_L4_1	94.2012114091826	60.0	150.0	150	18.181818181818183	37.149516
C3_D_CKDL260002520-1A_23757VLT4_L4_2	94.28107477803347	60.0	150.0	150	27.27272727272727	37.149516
ch_1A_CKDL260002520-1A_2372W3LT4_L5_1	88.96653674986241	61.0	150.0	150	27.27272727272727	1.0769
ch_1A_CKDL260002520-1A_2372W3LT4_L5_2	90.12957261753415	61.0	150.0	150	27.27272727272727	1.0769
ch_1A_CKDL260002520-1A_23757VLT4_L4_1	94.91758894936427	60.0	150.0	150	27.27272727272727	27.601841
ch_1A_CKDL260002520-1A_23757VLT4_L4_2	95.17114169312813	60.0	150.0	150	27.27272727272727	27.601841
ch_1B_CKDL260002520-1A_2372W3LT4_L5_1	88.41152502510353	60.0	150.0	150	27.27272727272727	1.036448
ch_1B_CKDL260002520-1A_2372W3LT4_L5_2	88.90626457319453	59.0	150.0	150	27.27272727272727	1.036448
ch_1B_CKDL260002520-1A_23757VLT4_L4_1	95.1666294828189	59.0	150.0	150	27.27272727272727	30.971353999999998
ch_1B_CKDL260002520-1A_23757VLT4_L4_2	94.89770509156207	58.0	150.0	150	27.27272727272727	30.971353999999998
ch_1C_CKDL260002520-1A_2372W3LT4_L5_1	89.3771184665162	61.0	150.0	150	36.36363636363637	0.8830089999999999
ch_1C_CKDL260002520-1A_2372W3LT4_L5_2	90.52931510324356	61.0	150.0	150	27.27272727272727	0.8830089999999999
ch_1C_CKDL260002520-1A_23757VLT4_L4_1	95.26217722642632	61.0	150.0	150	27.27272727272727	23.318223999999997
ch_1C_CKDL260002520-1A_23757VLT4_L4_2	95.46053979876028	60.0	150.0	150	27.27272727272727	23.318223999999997
ch_1D_CKDL260002520-1A_2372W3LT4_L5_1	89.27651157494479	61.0	150.0	150	27.27272727272727	0.781602
ch_1D_CKDL260002520-1A_2372W3LT4_L5_2	90.64792567060985	61.0	150.0	150	27.27272727272727	0.781602
ch_1D_CKDL260002520-1A_23757VLT4_L4_1	95.28958036622858	61.0	150.0	150	18.181818181818183	20.822103
ch_1D_CKDL260002520-1A_23757VLT4_L4_2	95.5796279241266	60.0	150.0	150	27.27272727272727	20.822103
ch_2A_CKDL260002520-1A_2372W3LT4_L5_1	88.20908368129525	61.0	150.0	150	18.181818181818183	0.854884
ch_2A_CKDL260002520-1A_2372W3LT4_L5_2	88.82632029608695	61.0	150.0	150	27.27272727272727	0.854884
ch_2A_CKDL260002520-1A_23757VLT4_L4_1	94.04071684140067	60.0	150.0	150	18.181818181818183	21.433079
ch_2A_CKDL260002520-1A_23757VLT4_L4_2	94.2726026173679	60.0	150.0	150	27.27272727272727	21.433079
ch_2B_CKDL260002520-1A_2372W3LT4_L5_1	89.65273833888752	60.0	150.0	150	36.36363636363637	0.7465839999999999
ch_2B_CKDL260002520-1A_2372W3LT4_L5_2	89.93924327336241	61.0	150.0	150	27.27272727272727	0.7465839999999999
ch_2B_CKDL260002520-1A_23757VLT4_L4_1	95.27264231739474	60.0	150.0	150	27.27272727272727	19.393746999999998
ch_2B_CKDL260002520-1A_23757VLT4_L4_2	95.00493302023557	60.0	150.0	150	27.27272727272727	19.393746999999998
ch_2C_CKDL260002520-1A_2372W3LT4_L5_1	87.97681997318452	61.0	150.0	150	27.27272727272727	1.1449559999999999
ch_2C_CKDL260002520-1A_2372W3LT4_L5_2	89.28183169125091	61.0	150.0	150	27.27272727272727	1.1449559999999999
ch_2C_CKDL260002520-1A_23757VLT4_L4_1	94.33432082793621	61.0	150.0	150	18.181818181818183	30.115063
ch_2C_CKDL260002520-1A_23757VLT4_L4_2	94.54522654359445	60.0	150.0	150	27.27272727272727	30.115063
ch_2D_CKDL260002520-1A_2372W3LT4_L5_1	88.18660021223862	61.0	150.0	150	18.181818181818183	0.851235
ch_2D_CKDL260002520-1A_2372W3LT4_L5_2	89.38366021133999	61.0	150.0	150	27.27272727272727	0.851235
ch_2D_CKDL260002520-1A_23757VLT4_L4_1	94.14509869288605	61.0	150.0	150	18.181818181818183	21.355252999999998
ch_2D_CKDL260002520-1A_23757VLT4_L4_2	94.55098751065864	60.0	150.0	150	27.27272727272727	21.355252999999998
ch_3A_CKDL260002520-1A_2372W3LT4_L5_1	86.48381003115766	60.0	150.0	150	18.181818181818183	1.045533
ch_3A_CKDL260002520-1A_2372W3LT4_L5_2	87.69152102354843	60.0	150.0	150	27.27272727272727	1.045533
ch_3A_CKDL260002520-1A_23757VLT4_L4_1	93.26705174507127	60.0	150.0	150	18.181818181818183	27.140171
ch_3A_CKDL260002520-1A_23757VLT4_L4_2	93.37122609333697	60.0	150.0	150	27.27272727272727	27.140171
ch_3B_CKDL260002520-1A_2372W3LT4_L5_1	88.35235947318318	60.0	150.0	150	18.181818181818183	1.5499809999999998
ch_3B_CKDL260002520-1A_2372W3LT4_L5_2	89.41568766077306	60.0	150.0	150	27.27272727272727	1.5499809999999998
ch_3B_CKDL260002520-1A_23757VLT4_L4_1	94.35005063899601	60.0	150.0	150	18.181818181818183	39.352993
ch_3B_CKDL260002520-1A_23757VLT4_L4_2	94.5266536721097	60.0	150.0	150	27.27272727272727	39.352993
ch_3C_CKDL260002520-1A_2372W3LT4_L5_1	87.37600208383199	61.0	150.0	150	18.181818181818183	0.9442879999999999
ch_3C_CKDL260002520-1A_2372W3LT4_L5_2	88.61601663407981	60.0	150.0	150	27.27272727272727	0.9442879999999999
ch_3C_CKDL260002520-1A_23757VLT4_L4_1	94.01638319430904	60.0	150.0	150	18.181818181818183	24.832151
ch_3C_CKDL260002520-1A_23757VLT4_L4_2	94.1647382168463	60.0	150.0	150	27.27272727272727	24.832151
ch_3D_CKDL260002520-1A_2372W3LT4_L5_1	88.19819166002252	61.0	150.0	150	18.181818181818183	1.000546
ch_3D_CKDL260002520-1A_2372W3LT4_L5_2	89.93954622011522	60.0	150.0	150	27.27272727272727	1.000546
ch_3D_CKDL260002520-1A_23757VLT4_L4_1	94.33294015132087	60.0	150.0	150	18.181818181818183	26.332978999999998
ch_3D_CKDL260002520-1A_23757VLT4_L4_2	94.56329115893182	60.0	150.0	150	27.27272727272727	26.332978999999998
