Sample	0	1	2	3	4	5	6	7	8	9	10	11	12	13	14	15
C1_A_CKDL260002520-1A_2372W3LT4_L5_1	(1.0, 8.581544476933624)	(2.0, 2.8351183540179314)	(3.0, 1.2885580214493189)	(4.0, 0.9007066598512066)	(5.0, 0.692245637580641)	(6.0, 0.5821404259339562)	(7.0, 0.4900832632810626)	(8.0, 0.4205558799090087)	(9.0, 0.43933069597637525)	('>10', 9.660551325502015)	('>50', 6.827613272704809)	('>100', 26.25627745059801)	('>500', 14.585367271740632)	('>1k', 23.559002584868225)	('>5k', 2.8809046796531868)	('>10k+', 0.0)
C1_A_CKDL260002520-1A_2372W3LT4_L5_2	(1.0, 8.07789489494582)	(2.0, 2.079280597499437)	(3.0, 0.7976268632490849)	(4.0, 0.4874184506779526)	(5.0, 0.35369330914006497)	(6.0, 0.32413811481466226)	(7.0, 0.281501113164901)	(8.0, 0.25194591883949835)	(9.0, 0.2616361464871713)	('>10', 7.560194482868889)	('>50', 8.385075111377054)	('>100', 33.39107093973405)	('>500', 16.6519294454525)	('>1k', 16.536010097217208)	('>5k', 4.560584514531707)	('>10k+', 0.0)
C1_A_CKDL260002520-1A_23757VLT4_L4_1	(1.0, 3.944872271336239)	(2.0, 1.4265931524329898)	(3.0, 0.7470663238737099)	(4.0, 0.48007294338361994)	(5.0, 0.3797616193938106)	(6.0, 0.3151202124813878)	(7.0, 0.2545763670622485)	(8.0, 0.22131016538447412)	(9.0, 0.1989895361509799)	('>10', 3.3144701207332337)	('>50', 1.780153956306893)	('>100', 6.148464913381084)	('>500', 4.50259413844158)	('>1k', 18.669092346152606)	('>5k', 12.173591776133485)	('>10k+', 45.44327015735167)
C1_A_CKDL260002520-1A_23757VLT4_L4_2	(1.0, 3.9019397977548884)	(2.0, 1.325002956828468)	(3.0, 0.6316686273354222)	(4.0, 0.3992257649957899)	(5.0, 0.2937160474429645)	(6.0, 0.2283250701929018)	(7.0, 0.18691062645730475)	(8.0, 0.1626931085624929)	(9.0, 0.1453846317516103)	('>10', 2.096590247786219)	('>50', 1.0219819816127609)	('>100', 3.991291874265067)	('>500', 3.6041843931978326)	('>1k', 23.395310590405273)	('>5k', 15.214163228210783)	('>10k+', 43.40161105320022)
C1_B_CKDL260002520-1A_2372W3LT4_L5_1	(1.0, 9.533268509004863)	(2.0, 2.7833741039435598)	(3.0, 1.2732445722991341)	(4.0, 0.8078398222888417)	(5.0, 0.6409578599398876)	(6.0, 0.556003243631469)	(7.0, 0.49502697542815766)	(8.0, 0.42487855938831515)	(9.0, 0.3988173808233417)	('>10', 7.8001252715924565)	('>50', 5.297281901665815)	('>100', 22.477565023012662)	('>500', 15.577687710589721)	('>1k', 27.345337581300168)	('>5k', 3.5035820172409977)	('>10k+', 1.0850094678506066)
C1_B_CKDL260002520-1A_2372W3LT4_L5_2	(1.0, 8.996241560271983)	(2.0, 2.0857580576155526)	(3.0, 0.7665945770292584)	(4.0, 0.45618171981590216)	(5.0, 0.3287565253717253)	(6.0, 0.2893570107835311)	(7.0, 0.2550652239333405)	(8.0, 0.23203544878060894)	(9.0, 0.21372640165026402)	('>10', 5.986514578539711)	('>50', 6.196977981691498)	('>100', 33.82442371291019)	('>500', 16.4737917526458)	('>1k', 19.759993796001172)	('>5k', 3.04918145797987)	('>10k+', 1.0854001949796064)
C1_B_CKDL260002520-1A_23757VLT4_L4_1	(1.0, 4.333079344504133)	(2.0, 1.5827578990316775)	(3.0, 0.8210098422238046)	(4.0, 0.5433841605245151)	(5.0, 0.4149424851840707)	(6.0, 0.32899186283465576)	(7.0, 0.28569875352759055)	(8.0, 0.24184307763630916)	(9.0, 0.21227433453679107)	('>10', 3.3609277944594713)	('>50', 1.607415912649631)	('>100', 5.2760216827639645)	('>500', 3.46401406186131)	('>1k', 14.978989005646385)	('>5k', 10.96355153412284)	('>10k+', 51.58509824849287)
C1_B_CKDL260002520-1A_23757VLT4_L4_2	(1.0, 4.35108882321143)	(2.0, 1.5358854458959432)	(3.0, 0.7220785007299696)	(4.0, 0.44758815908793925)	(5.0, 0.3172602748958818)	(6.0, 0.23951669456462815)	(7.0, 0.19435514359163403)	(8.0, 0.16608407745672826)	(9.0, 0.14039298340144882)	('>10', 2.002118653956292)	('>50', 0.87164308356418)	('>100', 3.269758270789369)	('>500', 2.7938323272343255)	('>1k', 18.925286292994066)	('>5k', 16.253648826747554)	('>10k+', 47.76946244187862)
C1_C_CKDL260002520-1A_2372W3LT4_L5_1	(1.0, 8.544254701629317)	(2.0, 2.60043999489908)	(3.0, 1.1732259284119386)	(4.0, 0.7780019884554636)	(5.0, 0.6078190020077192)	(6.0, 0.5034094635598529)	(7.0, 0.4377857345684272)	(8.0, 0.37692968070109245)	(9.0, 0.3564927247450349)	('>10', 7.087749161019601)	('>50', 4.941347544533033)	('>100', 20.804289796456647)	('>500', 13.826780612721254)	('>1k', 30.656304550562012)	('>5k', 5.389537363872771)	('>10k+', 1.9156317518567425)
C1_C_CKDL260002520-1A_2372W3LT4_L5_2	(1.0, 8.44807576058096)	(2.0, 2.0851803470479715)	(3.0, 0.7999619700239001)	(4.0, 0.46907899751893084)	(5.0, 0.33970786011517284)	(6.0, 0.2562960952807153)	(7.0, 0.23368349378454878)	(8.0, 0.22590310285994886)	(9.0, 0.2011152475955221)	('>10', 5.300705857546892)	('>50', 5.033398337515368)	('>100', 30.14943476499018)	('>500', 16.07800758158545)	('>1k', 25.19386586920102)	('>5k', 2.1848105746264794)	('>10k+', 3.000774139726943)
C1_C_CKDL260002520-1A_23757VLT4_L4_1	(1.0, 3.63580647452319)	(2.0, 1.441439551608745)	(3.0, 0.7815483689245546)	(4.0, 0.5129790423207923)	(5.0, 0.3726166910981234)	(6.0, 0.311606504555287)	(7.0, 0.25686193293592086)	(8.0, 0.2265207672429005)	(9.0, 0.194059949834003)	('>10', 3.0208656865531287)	('>50', 1.4452322208035688)	('>100', 4.748257728620212)	('>500', 3.031177288801962)	('>1k', 13.252004217648858)	('>5k', 9.91126448575843)	('>10k+', 56.85775908877033)
C1_C_CKDL260002520-1A_23757VLT4_L4_2	(1.0, 3.818195706018991)	(2.0, 1.457839166918612)	(3.0, 0.7175083873886071)	(4.0, 0.4549721118150168)	(5.0, 0.3140232822010741)	(6.0, 0.24177488009263282)	(7.0, 0.19042714216300033)	(8.0, 0.16286011612249726)	(9.0, 0.14379852838475718)	('>10', 1.9324595500595214)	('>50', 0.8634233619234596)	('>100', 2.9257920062081206)	('>500', 2.492550352350712)	('>1k', 15.297565248524025)	('>5k', 14.626653081331419)	('>10k+', 54.360157078497565)
C1_D_CKDL260002520-1A_2372W3LT4_L5_1	(1.0, 9.941041425162208)	(2.0, 3.0659668012290466)	(3.0, 1.3992270849738002)	(4.0, 0.9213316385828783)	(5.0, 0.7163897583469231)	(6.0, 0.6039437709608237)	(7.0, 0.6072687867168644)	(8.0, 0.4679203991228004)	(9.0, 0.46519993168603996)	('>10', 10.12724230750048)	('>50', 7.066867578224774)	('>100', 28.378102655327353)	('>500', 12.632037131357771)	('>1k', 22.64471753235467)	('>5k', 0.9627431984535653)	('>10k+', 0.0)
C1_D_CKDL260002520-1A_2372W3LT4_L5_2	(1.0, 9.065806595924437)	(2.0, 2.2059968170530992)	(3.0, 0.8342766806065433)	(4.0, 0.5102387814724076)	(5.0, 0.4058030593167697)	(6.0, 0.3192015125798948)	(7.0, 0.34172093747307875)	(8.0, 0.2998559663629315)	(9.0, 0.2543637053371037)	('>10', 9.37457964999675)	('>50', 9.498058644209712)	('>100', 37.797570018030655)	('>500', 15.216027785040753)	('>1k', 11.125351582631932)	('>5k', 2.7511482639639326)	('>10k+', 0.0)
C1_D_CKDL260002520-1A_23757VLT4_L4_1	(1.0, 4.495581522237478)	(2.0, 1.61859223623477)	(3.0, 0.8567046442869468)	(4.0, 0.5453962933153036)	(5.0, 0.4268531758768952)	(6.0, 0.33315361108097336)	(7.0, 0.2712606788152168)	(8.0, 0.2466065331816703)	(9.0, 0.20573777740054236)	('>10', 3.4979547366839863)	('>50', 1.8510938831029258)	('>100', 6.315604591390351)	('>500', 4.558920917678765)	('>1k', 19.171510807429588)	('>5k', 11.881425146245803)	('>10k+', 43.72360344503879)
C1_D_CKDL260002520-1A_23757VLT4_L4_2	(1.0, 4.557574090339952)	(2.0, 1.529059735004548)	(3.0, 0.7139266891782399)	(4.0, 0.45027496488381347)	(5.0, 0.3108898466647437)	(6.0, 0.24204383802900672)	(7.0, 0.18890427104002247)	(8.0, 0.15903809722570844)	(9.0, 0.13278006374151605)	('>10', 2.0279631292055953)	('>50', 0.9687859289398468)	('>100', 4.322231236023988)	('>500', 4.212135077081225)	('>1k', 26.54049145831975)	('>5k', 17.4287925939249)	('>10k+', 36.21510898039715)
C2_A_CKDL260002520-1A_2372W3LT4_L5_1	(1.0, 9.267036869669807)	(2.0, 2.931305517037084)	(3.0, 1.3062790917048939)	(4.0, 0.8414052918368952)	(5.0, 0.6772593152415258)	(6.0, 0.5529596564138204)	(7.0, 0.49698417783879245)	(8.0, 0.4391856613151441)	(9.0, 0.3872800251211785)	('>10', 8.462579349890117)	('>50', 5.800738623004745)	('>100', 24.23869379714588)	('>500', 14.932002908355887)	('>1k', 26.024846196512385)	('>5k', 2.594765849099929)	('>10k+', 1.046677669811914)
C2_A_CKDL260002520-1A_2372W3LT4_L5_2	(1.0, 8.736786045468762)	(2.0, 2.2518014910403354)	(3.0, 0.8414375747993844)	(4.0, 0.4752962725515712)	(5.0, 0.3766502038129787)	(6.0, 0.2936944133699013)	(7.0, 0.29791949089557357)	(8.0, 0.26133650256353325)	(9.0, 0.23186401055518524)	('>10', 6.807939552585671)	('>50', 7.1972649889756655)	('>100', 34.31855287962272)	('>500', 16.024791598832678)	('>1k', 19.22523629919374)	('>5k', 2.659428675732296)	('>10k+', 0.0)
C2_A_CKDL260002520-1A_23757VLT4_L4_1	(1.0, 4.244168869479123)	(2.0, 1.5963115456053734)	(3.0, 0.8320988916179202)	(4.0, 0.5474281470225087)	(5.0, 0.39198254260441195)	(6.0, 0.3185121119706885)	(7.0, 0.2648707203950373)	(8.0, 0.23813926086451256)	(9.0, 0.2054721724607509)	('>10', 3.2737506860599015)	('>50', 1.5898826725785429)	('>100', 5.455880699153847)	('>500', 3.7465142317639186)	('>1k', 15.481182442829262)	('>5k', 10.913692787793442)	('>10k+', 50.90011221780075)
C2_A_CKDL260002520-1A_23757VLT4_L4_2	(1.0, 4.2703569765360125)	(2.0, 1.5574751742516288)	(3.0, 0.7470434045941687)	(4.0, 0.4521162788177964)	(5.0, 0.3035383757681719)	(6.0, 0.23965283849603786)	(7.0, 0.19358321055283415)	(8.0, 0.1659571202231094)	(9.0, 0.13684877583067104)	('>10', 1.9356951467695738)	('>50', 0.9015299166217029)	('>100', 3.47219584349706)	('>500', 3.022794465514953)	('>1k', 20.00222673398674)	('>5k', 16.028130534418725)	('>10k+', 46.57085520412081)
C2_B_CKDL260002520-1A_2372W3LT4_L5_1	(1.0, 10.732501533505843)	(2.0, 3.0385760879985453)	(3.0, 1.4081639875410386)	(4.0, 0.9160838810424062)	(5.0, 0.688234346132969)	(6.0, 0.5879387136348513)	(7.0, 0.5054001565767128)	(8.0, 0.4543980850046713)	(9.0, 0.4342102182763011)	('>10', 8.79187298807733)	('>50', 6.015299950588947)	('>100', 24.884796331426752)	('>500', 15.132345865460534)	('>1k', 23.465372594508295)	('>5k', 2.944805260224801)	('>10k+', 0.0)
C2_B_CKDL260002520-1A_2372W3LT4_L5_2	(1.0, 10.035299540885848)	(2.0, 2.364174310147457)	(3.0, 0.8551881661999085)	(4.0, 0.4959029232711147)	(5.0, 0.3822476924133609)	(6.0, 0.2932654427040211)	(7.0, 0.28392287615323253)	(8.0, 0.29440478008826365)	(9.0, 0.27583358072511077)	('>10', 7.079956439421359)	('>50', 7.798764395139955)	('>100', 35.462103952024854)	('>500', 15.123678372173451)	('>1k', 16.653922412949562)	('>5k', 2.6013351157024904)	('>10k+', 0.0)
C2_B_CKDL260002520-1A_23757VLT4_L4_1	(1.0, 4.986643233228376)	(2.0, 1.8157395071994022)	(3.0, 0.9341607034674164)	(4.0, 0.6096189382048557)	(5.0, 0.43615231296852885)	(6.0, 0.358961552368046)	(7.0, 0.3071878435121647)	(8.0, 0.2564988057579921)	(9.0, 0.23877347963770526)	('>10', 3.6270019633949087)	('>50', 1.7037713632495197)	('>100', 5.730738520733386)	('>500', 3.9208504327200187)	('>1k', 16.708100537612523)	('>5k', 10.463811482682246)	('>10k+', 47.90198932326291)
C2_B_CKDL260002520-1A_23757VLT4_L4_2	(1.0, 5.030025933934058)	(2.0, 1.756772405996137)	(3.0, 0.819103393638638)	(4.0, 0.48458276953181223)	(5.0, 0.33096863678657557)	(6.0, 0.26998739060851873)	(7.0, 0.21876203977630368)	(8.0, 0.17538745291689462)	(9.0, 0.15499711969079438)	('>10', 2.089531297883067)	('>50', 0.9192233395752585)	('>100', 3.6879472038553955)	('>500', 3.181290615641913)	('>1k', 21.802661570074836)	('>5k', 16.53883021634161)	('>10k+', 42.539928613748195)
C2_C_CKDL260002520-1A_2372W3LT4_L5_1	(1.0, 9.762423992480326)	(2.0, 2.969562147633297)	(3.0, 1.3741486316627167)	(4.0, 0.9331995662210195)	(5.0, 0.7048236776899396)	(6.0, 0.562419569651634)	(7.0, 0.5309355224955629)	(8.0, 0.4369604120448658)	(9.0, 0.4035682408187298)	('>10', 8.982136286567455)	('>50', 6.181487182729675)	('>100', 25.422175500983634)	('>500', 14.956711265449465)	('>1k', 23.847257596653805)	('>5k', 2.9321904069178806)	('>10k+', 0.0)
C2_C_CKDL260002520-1A_2372W3LT4_L5_2	(1.0, 9.071461836875438)	(2.0, 2.293325011583352)	(3.0, 0.8132763674608459)	(4.0, 0.46595447415155666)	(5.0, 0.3620914114061177)	(6.0, 0.3022986849173443)	(7.0, 0.302656011968074)	(8.0, 0.2553697322548409)	(9.0, 0.26477934459072355)	('>10', 7.395002423868494)	('>50', 8.017347037222759)	('>100', 36.04643822351284)	('>500', 15.437362354642334)	('>1k', 16.238251384344547)	('>5k', 2.734385701200738)	('>10k+', 0.0)
C2_C_CKDL260002520-1A_23757VLT4_L4_1	(1.0, 4.478160371365372)	(2.0, 1.6204053391334)	(3.0, 0.8524212480537258)	(4.0, 0.5530436781594786)	(5.0, 0.41405309256985756)	(6.0, 0.3276396885974664)	(7.0, 0.28417605143413704)	(8.0, 0.2447995738913892)	(9.0, 0.20828509187259214)	('>10', 3.4517277280493612)	('>50', 1.7066483688880303)	('>100', 5.742302232001203)	('>500', 3.970323149269863)	('>1k', 16.883850072353553)	('>5k', 10.916180098105103)	('>10k+', 48.34598421625547)
C2_C_CKDL260002520-1A_23757VLT4_L4_2	(1.0, 4.45205854225843)	(2.0, 1.5528962504562527)	(3.0, 0.7490666760062751)	(4.0, 0.4530891690337801)	(5.0, 0.3169965674753836)	(6.0, 0.2565216874609809)	(7.0, 0.2018388219341119)	(8.0, 0.17497314136145156)	(9.0, 0.14461573958455204)	('>10', 2.0242074350700334)	('>50', 0.9357701024670005)	('>100', 3.746393508877905)	('>500', 3.2748332141457266)	('>1k', 22.38829940708826)	('>5k', 16.949167931500934)	('>10k+', 42.37927180527892)
C2_D_CKDL260002520-1A_2372W3LT4_L5_1	(1.0, 9.228584783262384)	(2.0, 2.8152741656542872)	(3.0, 1.3126603180663308)	(4.0, 0.8324981916695025)	(5.0, 0.6429488974047497)	(6.0, 0.5334311390447859)	(7.0, 0.45791451065080374)	(8.0, 0.40478785046297683)	(9.0, 0.34399412733998785)	('>10', 7.404091108740306)	('>50', 5.283410758676465)	('>100', 21.240040882177063)	('>500', 14.62772759668728)	('>1k', 28.486458986187174)	('>5k', 5.398373138761449)	('>10k+', 0.9878035452144613)
C2_D_CKDL260002520-1A_2372W3LT4_L5_2	(1.0, 8.770409250841459)	(2.0, 2.2554535497471515)	(3.0, 0.8161510786680491)	(4.0, 0.4928582615468479)	(5.0, 0.3490919531734944)	(6.0, 0.2907916628822236)	(7.0, 0.2394824271370086)	(8.0, 0.21576230170685037)	(9.0, 0.20275622026279483)	('>10', 5.5201326504474935)	('>50', 5.492095395334107)	('>100', 31.116173272422515)	('>500', 17.002416377998113)	('>1k', 23.191249896003317)	('>5k', 2.1848503816071565)	('>10k+', 1.8603253202214096)
C2_D_CKDL260002520-1A_23757VLT4_L4_1	(1.0, 4.199824144664264)	(2.0, 1.6273767081304629)	(3.0, 0.8599188994363632)	(4.0, 0.5605065872483734)	(5.0, 0.4195677171997764)	(6.0, 0.3271711101940596)	(7.0, 0.2748442903816023)	(8.0, 0.231342182696636)	(9.0, 0.21035095682414032)	('>10', 3.2666512840616244)	('>50', 1.5501126871665676)	('>100', 5.039690665227683)	('>500', 3.223722269160013)	('>1k', 14.148183428182795)	('>5k', 9.937022111816923)	('>10k+', 54.123714957608726)
C2_D_CKDL260002520-1A_23757VLT4_L4_2	(1.0, 4.174072226877999)	(2.0, 1.5948617290804938)	(3.0, 0.789444768567579)	(4.0, 0.46308395093280863)	(5.0, 0.32996150743670105)	(6.0, 0.241611039517817)	(7.0, 0.2048503119536654)	(8.0, 0.1780006976824781)	(9.0, 0.14510349852785273)	('>10', 2.025114359432219)	('>50', 0.8714670288922132)	('>100', 2.9915102310320423)	('>500', 2.5377808967708795)	('>1k', 16.251287512078076)	('>5k', 15.222123983867666)	('>10k+', 51.97972625734951)
C3_A_CKDL260002520-1A_2372W3LT4_L5_1	(1.0, 8.772158164882384)	(2.0, 2.659944551365556)	(3.0, 1.2349216946876467)	(4.0, 0.8203078725122245)	(5.0, 0.5982199955191186)	(6.0, 0.5166303347887955)	(7.0, 0.4667115806462108)	(8.0, 0.4174165064040388)	(9.0, 0.34972185925169436)	('>10', 7.8180723071988565)	('>50', 5.628609287038003)	('>100', 22.18174364253321)	('>500', 14.913010876127153)	('>1k', 28.878302347509482)	('>5k', 4.744228979535621)	('>10k+', 0.0)
C3_A_CKDL260002520-1A_2372W3LT4_L5_2	(1.0, 8.26641389364658)	(2.0, 2.0594378376456266)	(3.0, 0.7731226843472506)	(4.0, 0.44952648004093054)	(5.0, 0.32244898601166594)	(6.0, 0.2720861195937469)	(7.0, 0.2579984313167215)	(8.0, 0.23547385726751602)	(9.0, 0.22161286151423423)	('>10', 5.731358673443734)	('>50', 6.154363649726238)	('>100', 31.01308111000743)	('>500', 16.975561499044172)	('>1k', 22.973377432027466)	('>5k', 2.3284842160130617)	('>10k+', 1.9656522683536275)
C3_A_CKDL260002520-1A_23757VLT4_L4_1	(1.0, 3.9306991517732435)	(2.0, 1.4660868618264675)	(3.0, 0.7761178330306377)	(4.0, 0.49886291464324134)	(5.0, 0.3763447832594772)	(6.0, 0.2916111580084553)	(7.0, 0.2452521114548117)	(8.0, 0.21747716530741676)	(9.0, 0.1934554456111106)	('>10', 3.075893792894754)	('>50', 1.5134363228584673)	('>100', 5.131932039758491)	('>500', 3.3457266955548985)	('>1k', 14.80799279661393)	('>5k', 10.676965780640277)	('>10k+', 53.45214514676433)
C3_A_CKDL260002520-1A_23757VLT4_L4_2	(1.0, 3.8876350927815793)	(2.0, 1.410128940219388)	(3.0, 0.6884627945585616)	(4.0, 0.41730257198798687)	(5.0, 0.28496396565571064)	(6.0, 0.216714119774067)	(7.0, 0.18167558863697203)	(8.0, 0.15244020813548345)	(9.0, 0.13675880657498618)	('>10', 1.8656441321927637)	('>50', 0.8338359588756761)	('>100', 3.095140472140533)	('>500', 2.651371810293792)	('>1k', 17.252253568737817)	('>5k', 15.148204441622685)	('>10k+', 51.77746752781199)
C3_B_CKDL260002520-1A_2372W3LT4_L5_1	(1.0, 10.346263211098158)	(2.0, 2.988056301028397)	(3.0, 1.3926081007046482)	(4.0, 0.8524218935131294)	(5.0, 0.7257541968635153)	(6.0, 0.5960678350594438)	(7.0, 0.5122950863237716)	(8.0, 0.4303921101403473)	(9.0, 0.4160533538057142)	('>10', 8.567578975019297)	('>50', 6.114619251340941)	('>100', 24.28400301828395)	('>500', 15.087583545452985)	('>1k', 24.04907683449732)	('>5k', 3.637226286868372)	('>10k+', 0.0)
C3_B_CKDL260002520-1A_2372W3LT4_L5_2	(1.0, 9.108934400684989)	(2.0, 2.3379220872727795)	(3.0, 0.8660229920337066)	(4.0, 0.49247366253948616)	(5.0, 0.37500046618142246)	(6.0, 0.30807730606289163)	(7.0, 0.304500378539315)	(8.0, 0.2603080159093197)	(9.0, 0.24715415340326366)	('>10', 7.427547695086316)	('>50', 7.635701800006711)	('>100', 35.37696705576126)	('>500', 15.403288379350458)	('>1k', 17.11213665754949)	('>5k', 2.7439649496185865)	('>10k+', 0.0)
C3_B_CKDL260002520-1A_23757VLT4_L4_1	(1.0, 4.883367341887881)	(2.0, 1.7538750097449929)	(3.0, 0.9147228025075776)	(4.0, 0.5867874514407633)	(5.0, 0.43077270994462136)	(6.0, 0.3490268358402829)	(7.0, 0.29838404794882234)	(8.0, 0.24190754353809363)	(9.0, 0.23361157603380475)	('>10', 3.583915264312434)	('>50', 1.6718162139762374)	('>100', 5.723630040717934)	('>500', 3.950267386250102)	('>1k', 16.75658050862928)	('>5k', 10.938327616332165)	('>10k+', 47.68300765089502)
C3_B_CKDL260002520-1A_23757VLT4_L4_2	(1.0, 4.932897741531969)	(2.0, 1.691897829573367)	(3.0, 0.7949949077994392)	(4.0, 0.4733493399580397)	(5.0, 0.3357805342921225)	(6.0, 0.26347201569716366)	(7.0, 0.21143738532301143)	(8.0, 0.18049333891938432)	(9.0, 0.143162983511836)	('>10', 2.0270677725488175)	('>50', 0.9109953222180639)	('>100', 3.816777393868582)	('>500', 3.3673865998978614)	('>1k', 22.34540630268798)	('>5k', 16.688173560383188)	('>10k+', 41.816706971789166)
C3_C_CKDL260002520-1A_2372W3LT4_L5_1	(1.0, 9.586377128007511)	(2.0, 2.898167424133624)	(3.0, 1.3170140011326397)	(4.0, 0.8432987884416869)	(5.0, 0.6144277882118483)	(6.0, 0.5518282035727232)	(7.0, 0.5122344843414668)	(8.0, 0.4539324589188384)	(9.0, 0.38300551221276985)	('>10', 8.329170765989188)	('>50', 5.8340730393465)	('>100', 23.66786287659178)	('>500', 14.506040372221566)	('>1k', 25.78383311112937)	('>5k', 4.718734045748482)	('>10k+', 0.0)
C3_C_CKDL260002520-1A_2372W3LT4_L5_2	(1.0, 9.090880000434879)	(2.0, 2.2406630319453975)	(3.0, 0.8226213915358839)	(4.0, 0.4673679867144791)	(5.0, 0.35299005203407424)	(6.0, 0.3323697423450106)	(7.0, 0.27350622444044614)	(8.0, 0.24320732527639818)	(9.0, 0.24606378715044985)	('>10', 6.716460014354962)	('>50', 6.869076691625721)	('>100', 33.57209842222462)	('>500', 16.046990709449197)	('>1k', 19.480457882059287)	('>5k', 2.136939531277145)	('>10k+', 1.1083072071320428)
C3_C_CKDL260002520-1A_23757VLT4_L4_1	(1.0, 4.234060704929967)	(2.0, 1.6346234802970077)	(3.0, 0.8523897254156119)	(4.0, 0.5497121968073648)	(5.0, 0.40858404963770945)	(6.0, 0.3243015827460104)	(7.0, 0.27105330433509106)	(8.0, 0.2289488139530946)	(9.0, 0.19866794326761716)	('>10', 3.229966097450289)	('>50', 1.576693696993677)	('>100', 5.282668067085215)	('>500', 3.618566555517191)	('>1k', 15.394353476499628)	('>5k', 10.45278716201826)	('>10k+', 51.742623143046295)
C3_C_CKDL260002520-1A_23757VLT4_L4_2	(1.0, 4.345136003083893)	(2.0, 1.6123555095846829)	(3.0, 0.7670140077494719)	(4.0, 0.45658514478881806)	(5.0, 0.3206760241803357)	(6.0, 0.24775776742451744)	(7.0, 0.20661911576841896)	(8.0, 0.1669454006955919)	(9.0, 0.15010047462853124)	('>10', 1.9872169989520163)	('>50', 0.8722258763025527)	('>100', 3.4209193579138564)	('>500', 2.9387545573836706)	('>1k', 18.91813079510894)	('>5k', 15.806385905382287)	('>10k+', 47.78317706105242)
C3_D_CKDL260002520-1A_2372W3LT4_L5_1	(1.0, 9.356714850899262)	(2.0, 2.787372369532897)	(3.0, 1.2562472196886558)	(4.0, 0.7717927841846557)	(5.0, 0.6183856495340212)	(6.0, 0.5080825691737949)	(7.0, 0.44088684870894457)	(8.0, 0.4054988532316197)	(9.0, 0.36705143820964425)	('>10', 7.096867601477576)	('>50', 5.09032170345424)	('>100', 20.056740093303652)	('>500', 13.376348900426107)	('>1k', 30.317858096699474)	('>5k', 5.093392162770084)	('>10k+', 2.456438858705365)
C3_D_CKDL260002520-1A_2372W3LT4_L5_2	(1.0, 8.889557618649272)	(2.0, 2.1502265711251694)	(3.0, 0.8005795836332417)	(4.0, 0.4385277137346104)	(5.0, 0.3208111074112066)	(6.0, 0.28405057176716864)	(7.0, 0.21612810612648536)	(8.0, 0.2180973044601132)	(9.0, 0.1931051970935359)	('>10', 5.213591942296731)	('>50', 4.989273038153506)	('>100', 28.827292204281)	('>500', 17.035153993990043)	('>1k', 25.6448190879878)	('>5k', 2.161853873502824)	('>10k+', 2.6169320857872926)
C3_D_CKDL260002520-1A_23757VLT4_L4_1	(1.0, 4.121312087821276)	(2.0, 1.6139780655772287)	(3.0, 0.8516781367761498)	(4.0, 0.5660554924392491)	(5.0, 0.4173222936261909)	(6.0, 0.3235703948195402)	(7.0, 0.27262178130806325)	(8.0, 0.23958312215801447)	(9.0, 0.20071589582899932)	('>10', 3.1747877013854127)	('>50', 1.503195469497106)	('>100', 4.861314884539459)	('>500', 3.0933721189519394)	('>1k', 13.112789267614456)	('>5k', 9.89665450447143)	('>10k+', 55.751048783185475)
C3_D_CKDL260002520-1A_23757VLT4_L4_2	(1.0, 4.234227775875474)	(2.0, 1.5828630566120179)	(3.0, 0.7802399453519829)	(4.0, 0.4644134620475508)	(5.0, 0.32335209842604784)	(6.0, 0.26073714276950066)	(7.0, 0.20346418421288937)	(8.0, 0.1739170118563834)	(9.0, 0.15716730829610698)	('>10', 1.9699434210565758)	('>50', 0.8087623465231107)	('>100', 2.843012440481912)	('>500', 2.3842559784135227)	('>1k', 14.883222265046788)	('>5k', 14.587211907440803)	('>10k+', 54.34320965558934)
ch_1A_CKDL260002520-1A_2372W3LT4_L5_1	(1.0, 8.173099883905756)	(2.0, 2.5454903989864803)	(3.0, 1.2354412446572138)	(4.0, 0.8416065866934892)	(5.0, 0.684535986724293)	(6.0, 0.5216212319773994)	(7.0, 0.4386563806323336)	(8.0, 0.4068526402450918)	(9.0, 0.38072704794416157)	('>10', 7.897366765927466)	('>50', 5.613934214643312)	('>100', 22.497667969348054)	('>500', 15.697762027335822)	('>1k', 27.736081659779778)	('>5k', 4.277810061772605)	('>10k+', 1.0513458994267593)
ch_1A_CKDL260002520-1A_2372W3LT4_L5_2	(1.0, 7.765592078082893)	(2.0, 1.9676445770383029)	(3.0, 0.768328849081065)	(4.0, 0.46520777744516295)	(5.0, 0.36645151266110254)	(6.0, 0.285358440277543)	(7.0, 0.25359002016851967)	(8.0, 0.22888124897261258)	(9.0, 0.18726647643213756)	('>10', 6.234320221102636)	('>50', 6.185460019414489)	('>100', 32.94886771939021)	('>500', 16.893182508383635)	('>1k', 20.908357827718525)	('>5k', 3.345530463878902)	('>10k+', 1.1959602599522674)
ch_1A_CKDL260002520-1A_23757VLT4_L4_1	(1.0, 3.6721771046702267)	(2.0, 1.3087255422815782)	(3.0, 0.6602122070387458)	(4.0, 0.4534713912407089)	(5.0, 0.36028638286393)	(6.0, 0.27953759214435)	(7.0, 0.2561334629853368)	(8.0, 0.21812468040076213)	(9.0, 0.18970296235565948)	('>10', 3.1817655753334937)	('>50', 1.6016732589298386)	('>100', 5.276188980727436)	('>500', 3.537030407580611)	('>1k', 15.042045525677198)	('>5k', 10.551096851068037)	('>10k+', 53.411828074702086)
ch_1A_CKDL260002520-1A_23757VLT4_L4_2	(1.0, 3.610124331941876)	(2.0, 1.2318435030309942)	(3.0, 0.609991303835984)	(4.0, 0.3856971042296267)	(5.0, 0.29033343665767386)	(6.0, 0.22080623462093482)	(7.0, 0.1885170863242129)	(8.0, 0.1628067635554984)	(9.0, 0.1386179883236583)	('>10', 1.9844069461355813)	('>50', 0.933892271381979)	('>100', 3.2687378364409345)	('>500', 2.881709616722711)	('>1k', 18.57095555077643)	('>5k', 15.504905384463125)	('>10k+', 50.01665464155879)
ch_1B_CKDL260002520-1A_2372W3LT4_L5_1	(1.0, 8.450217452964452)	(2.0, 3.005641583338823)	(3.0, 1.4616276438861886)	(4.0, 0.886667506363885)	(5.0, 0.674679492421511)	(6.0, 0.5329588439406107)	(7.0, 0.45309372181331276)	(8.0, 0.41409281787136343)	(9.0, 0.35526841757561833)	('>10', 7.396394331922895)	('>50', 5.316448678044725)	('>100', 20.47243931345339)	('>500', 11.531130468500136)	('>1k', 30.00721669691668)	('>5k', 4.199075324400711)	('>10k+', 4.84304770658571)
ch_1B_CKDL260002520-1A_2372W3LT4_L5_2	(1.0, 8.569965892351854)	(2.0, 2.5731595239749288)	(3.0, 1.0565881447757444)	(4.0, 0.5756814441573097)	(5.0, 0.418357803310116)	(6.0, 0.3220756219428751)	(7.0, 0.2836780177653011)	(8.0, 0.2460541688356379)	(9.0, 0.20891391693591896)	('>10', 6.04167441449959)	('>50', 6.042158011529534)	('>100', 26.305937479659775)	('>500', 14.380047843610445)	('>1k', 23.947531484027625)	('>5k', 3.931934011664775)	('>10k+', 5.096242220958567)
ch_1B_CKDL260002520-1A_23757VLT4_L4_1	(1.0, 3.3009298269812257)	(2.0, 1.4196056436537556)	(3.0, 0.8068714848840783)	(4.0, 0.5259118587886924)	(5.0, 0.39513146453783055)	(6.0, 0.3042970059727696)	(7.0, 0.25665295285677187)	(8.0, 0.21575377793649864)	(9.0, 0.1863706836765929)	('>10', 3.0004671866565564)	('>50', 1.5442180813475992)	('>100', 4.9712427650195155)	('>500', 3.1018330424343867)	('>1k', 13.205659803560199)	('>5k', 8.935944714617817)	('>10k+', 57.8291097070757)
ch_1B_CKDL260002520-1A_23757VLT4_L4_2	(1.0, 3.645726385117017)	(2.0, 1.4794678440670908)	(3.0, 0.793579185554847)	(4.0, 0.5018187371430285)	(5.0, 0.3372457452245541)	(6.0, 0.24793259195418466)	(7.0, 0.21079077850459935)	(8.0, 0.17617675389938084)	(9.0, 0.15046000569214477)	('>10', 2.088399145029518)	('>50', 0.9679461921413397)	('>100', 3.310369534159351)	('>500', 2.568277731799831)	('>1k', 15.480337247083625)	('>5k', 10.802230086550765)	('>10k+', 57.23924203607873)
ch_1C_CKDL260002520-1A_2372W3LT4_L5_1	(1.0, 7.765266265689251)	(2.0, 2.501673255878479)	(3.0, 1.2020262534130455)	(4.0, 0.7854959575723464)	(5.0, 0.6409900691838928)	(6.0, 0.503505626782966)	(7.0, 0.5025996337523174)	(8.0, 0.4403126128952253)	(9.0, 0.3913889892402002)	('>10', 8.605574801615838)	('>50', 6.081817965615299)	('>100', 24.990572010024813)	('>500', 15.090219918483278)	('>1k', 26.681041756086294)	('>5k', 3.8175148837667567)	('>10k+', 0.0)
ch_1C_CKDL260002520-1A_2372W3LT4_L5_2	(1.0, 7.401736562141497)	(2.0, 1.8072295978863184)	(3.0, 0.7175464802737005)	(4.0, 0.46703940729935933)	(5.0, 0.3448435972906278)	(6.0, 0.3037341635249471)	(7.0, 0.25050707297434116)	(8.0, 0.24914808342836825)	(9.0, 0.2170985799691736)	('>10', 7.0266554474529705)	('>50', 7.878402145391497)	('>100', 33.32604763937854)	('>500', 16.49937882852836)	('>1k', 18.22699428884643)	('>5k', 3.99667500557752)	('>10k+', 1.286963100036353)
ch_1C_CKDL260002520-1A_23757VLT4_L4_1	(1.0, 3.423283034021857)	(2.0, 1.201149760872148)	(3.0, 0.632372341510289)	(4.0, 0.4249789324592473)	(5.0, 0.3199350159315694)	(6.0, 0.25990112581347874)	(7.0, 0.23253802368401572)	(8.0, 0.19838608931478505)	(9.0, 0.17876364033395142)	('>10', 3.0016120585788104)	('>50', 1.5874946602006206)	('>100', 5.472627139022011)	('>500', 3.8781513068606612)	('>1k', 16.470730969855396)	('>5k', 10.980220798251308)	('>10k+', 51.737855103289846)
ch_1C_CKDL260002520-1A_23757VLT4_L4_2	(1.0, 3.4094223232657006)	(2.0, 1.1527745493988635)	(3.0, 0.5536261910270446)	(4.0, 0.35673081979974236)	(5.0, 0.2520113512941157)	(6.0, 0.1935229930909311)	(7.0, 0.16417166582787526)	(8.0, 0.14362243974113184)	(9.0, 0.1322500377836468)	('>10', 1.870050103002228)	('>50', 0.9452580104871745)	('>100', 3.4496752983075925)	('>500', 3.194419929040654)	('>1k', 21.063621097085274)	('>5k', 16.015662021559823)	('>10k+', 47.10318116928821)
ch_1D_CKDL260002520-1A_2372W3LT4_L5_1	(1.0, 7.833782410996901)	(2.0, 2.440884235198989)	(3.0, 1.2167317893250018)	(4.0, 0.8254840698974669)	(5.0, 0.6294763831208211)	(6.0, 0.5450344292875402)	(7.0, 0.5069076077082709)	(8.0, 0.416580305577519)	(9.0, 0.4433202576247246)	('>10', 9.171419725128645)	('>50', 6.56011627401158)	('>100', 25.989442196923758)	('>500', 14.38430300843652)	('>1k', 25.975624422660125)	('>5k', 3.060892884102139)	('>10k+', 0.0)
ch_1D_CKDL260002520-1A_2372W3LT4_L5_2	(1.0, 7.2457593506669635)	(2.0, 1.7656044892413274)	(3.0, 0.7331096900980294)	(4.0, 0.4687807861290017)	(5.0, 0.3588783037914437)	(6.0, 0.31934411631495313)	(7.0, 0.28121729473568385)	(8.0, 0.24462578140792887)	(9.0, 0.27520400408391993)	('>10', 7.704048863743952)	('>50', 8.275183533307233)	('>100', 33.24185455001395)	('>500', 15.443281874918439)	('>1k', 18.37277796116182)	('>5k', 3.929621469750589)	('>10k+', 1.3407079306347733)
ch_1D_CKDL260002520-1A_23757VLT4_L4_1	(1.0, 3.383099059424524)	(2.0, 1.2054324996857213)	(3.0, 0.6260506227153491)	(4.0, 0.4246123175392888)	(5.0, 0.3325930657931598)	(6.0, 0.26831776533169815)	(7.0, 0.22976021697680452)	(8.0, 0.20734693492292078)	(9.0, 0.1837881496038845)	('>10', 3.0973135271454058)	('>50', 1.6555024188590264)	('>100', 5.72705288996127)	('>500', 4.25077774562453)	('>1k', 17.233198521850543)	('>5k', 11.238980052870753)	('>10k+', 49.936174211695125)
ch_1D_CKDL260002520-1A_23757VLT4_L4_2	(1.0, 3.314884824758225)	(2.0, 1.1035469083700944)	(3.0, 0.5523300445188594)	(4.0, 0.33632092401552255)	(5.0, 0.25398126235345986)	(6.0, 0.19661751515984968)	(7.0, 0.16790018491656206)	(8.0, 0.14240075249336823)	(9.0, 0.12917363988041394)	('>10', 1.9473423896388027)	('>50', 0.9822466761885726)	('>100', 3.6833782899900718)	('>500', 3.4759083579672225)	('>1k', 21.80643224342178)	('>5k', 15.7423772645742)	('>10k+', 46.16515872175299)
ch_2A_CKDL260002520-1A_2372W3LT4_L5_1	(1.0, 8.53579788857035)	(2.0, 2.970263331540023)	(3.0, 1.3974999669916963)	(4.0, 0.896874178546304)	(5.0, 0.7322491149164191)	(6.0, 0.5796726702154115)	(7.0, 0.525357812294821)	(8.0, 0.4675083649216977)	(9.0, 0.40718470493180126)	('>10', 9.014616939740154)	('>50', 6.474543139501525)	('>100', 25.22931041393844)	('>500', 14.89676288699715)	('>1k', 24.85429047302469)	('>5k', 3.018068113869508)	('>10k+', 0.0)
ch_2A_CKDL260002520-1A_2372W3LT4_L5_2	(1.0, 8.704923708947646)	(2.0, 2.336457343920345)	(3.0, 0.8990693474202348)	(4.0, 0.5076712162117901)	(5.0, 0.4181853912343663)	(6.0, 0.35162665344070076)	(7.0, 0.31197215060756783)	(8.0, 0.25828065562111346)	(9.0, 0.23792701699879748)	('>10', 7.416678754076576)	('>50', 7.680574206559018)	('>100', 35.82497742383762)	('>500', 16.01246484903215)	('>1k', 16.366781925968905)	('>5k', 2.67240935612317)	('>10k+', 0.0)
ch_2A_CKDL260002520-1A_23757VLT4_L4_1	(1.0, 4.286838806292282)	(2.0, 1.5996250126725922)	(3.0, 0.82417412218595)	(4.0, 0.5452330918732141)	(5.0, 0.3972974165459627)	(6.0, 0.31792029625114365)	(7.0, 0.26720390828570983)	(8.0, 0.2380560810859098)	(9.0, 0.20958122269256144)	('>10', 3.4320784308923207)	('>50', 1.7072371086115627)	('>100', 5.867050412754208)	('>500', 4.093135799203145)	('>1k', 17.50893562559775)	('>5k', 11.152133525891902)	('>10k+', 47.553499139163776)
ch_2A_CKDL260002520-1A_23757VLT4_L4_2	(1.0, 4.2796673959787555)	(2.0, 1.533780343673753)	(3.0, 0.7231625353108804)	(4.0, 0.4471454869399649)	(5.0, 0.31274978297249434)	(6.0, 0.24572397970572973)	(7.0, 0.19770480012771002)	(8.0, 0.1717011355202935)	(9.0, 0.14340353789932742)	('>10', 2.1143089738141994)	('>50', 1.02018623458636)	('>100', 4.0096285999009735)	('>500', 3.388877272138398)	('>1k', 23.262660823171636)	('>5k', 16.704307338227544)	('>10k+', 41.444991760031975)
ch_2B_CKDL260002520-1A_2372W3LT4_L5_1	(1.0, 7.538468544731739)	(2.0, 2.47848868981923)	(3.0, 1.1572709835731811)	(4.0, 0.7934807067925378)	(5.0, 0.6221670970714615)	(6.0, 0.5087170365290443)	(7.0, 0.46880190306783964)	(8.0, 0.38039925848933276)	(9.0, 0.3978119006032811)	('>10', 8.560054863217)	('>50', 6.042722587143577)	('>100', 23.756603409663214)	('>500', 14.27608949562273)	('>1k', 27.548541088477652)	('>5k', 5.470382435198182)	('>10k+', 0.0)
ch_2B_CKDL260002520-1A_2372W3LT4_L5_2	(1.0, 7.8067571766874195)	(2.0, 1.993345691844454)	(3.0, 0.8173226321485594)	(4.0, 0.4784458279309495)	(5.0, 0.329500766156253)	(6.0, 0.3174458600773657)	(7.0, 0.295345198932739)	(8.0, 0.2357403855426851)	(9.0, 0.2290432154988588)	('>10', 7.908688104754455)	('>50', 8.491074011765589)	('>100', 34.11551814665195)	('>500', 16.444499212412804)	('>1k', 17.26128607095786)	('>5k', 3.2759876986380636)	('>10k+', 0.0)
ch_2B_CKDL260002520-1A_23757VLT4_L4_1	(1.0, 3.42918311069511)	(2.0, 1.2438660264574037)	(3.0, 0.6148075130343249)	(4.0, 0.397098213618091)	(5.0, 0.30013020920121525)	(6.0, 0.24407993165074418)	(7.0, 0.21201744215543308)	(8.0, 0.17221709010318179)	(9.0, 0.15450592898558285)	('>10', 2.8495130681642724)	('>50', 1.5442350152939706)	('>100', 5.343457631725423)	('>500', 4.2239202363357)	('>1k', 16.17059855401309)	('>5k', 10.71533621965064)	('>10k+', 52.38503380891581)
ch_2B_CKDL260002520-1A_23757VLT4_L4_2	(1.0, 3.76665352107042)	(2.0, 1.2843980966539996)	(3.0, 0.6061276601341494)	(4.0, 0.37266304374795634)	(5.0, 0.2678049732765583)	(6.0, 0.20128727043643804)	(7.0, 0.1724747434903548)	(8.0, 0.14476258087735921)	(9.0, 0.13271172627656982)	('>10', 1.9059091080581876)	('>50', 0.9600410132411589)	('>100', 3.851902316867649)	('>500', 3.6100271227066334)	('>1k', 23.1179597008748)	('>5k', 16.16377828499075)	('>10k+', 43.44149883729702)
ch_2C_CKDL260002520-1A_2372W3LT4_L5_1	(1.0, 9.104546719764462)	(2.0, 2.6586953064791903)	(3.0, 1.2310181620284526)	(4.0, 0.8280497337566726)	(5.0, 0.6462411335024764)	(6.0, 0.509817227528438)	(7.0, 0.47533762804081925)	(8.0, 0.4233843956958074)	(9.0, 0.3652564236044972)	('>10', 8.121728450129293)	('>50', 5.610746306699128)	('>100', 23.362279316298235)	('>500', 15.409786339785708)	('>1k', 27.16854691929652)	('>5k', 4.084565937390302)	('>10k+', 0.0)
ch_2C_CKDL260002520-1A_2372W3LT4_L5_2	(1.0, 8.564857108562455)	(2.0, 2.0420694797726107)	(3.0, 0.8026040462088888)	(4.0, 0.4506108664766103)	(5.0, 0.3692330632000559)	(6.0, 0.26762042672439657)	(7.0, 0.2515909821454296)	(8.0, 0.24345131999714983)	(9.0, 0.22587455443701077)	('>10', 6.19987612660845)	('>50', 6.414557516907661)	('>100', 33.344261073316524)	('>500', 17.255399324151433)	('>1k', 19.905993059939362)	('>5k', 2.551866530228745)	('>10k+', 1.11013452132321)
ch_2C_CKDL260002520-1A_23757VLT4_L4_1	(1.0, 4.1146914923156475)	(2.0, 1.490404780847162)	(3.0, 0.7604942523309421)	(4.0, 0.4923303099482559)	(5.0, 0.3834724476411929)	(6.0, 0.29202681898823896)	(7.0, 0.24495637880413285)	(8.0, 0.22583132238232062)	(9.0, 0.1940197516229952)	('>10', 3.1626989619970467)	('>50', 1.5597941876864096)	('>100', 5.203602309832084)	('>500', 3.5016090204900383)	('>1k', 15.42371833981903)	('>5k', 10.875460577241656)	('>10k+', 52.07488904805285)
ch_2C_CKDL260002520-1A_23757VLT4_L4_2	(1.0, 4.115955209076172)	(2.0, 1.4146473522810687)	(3.0, 0.6682173018850245)	(4.0, 0.4137059572880567)	(5.0, 0.2915647292849176)	(6.0, 0.23596928161789227)	(7.0, 0.1876753409761614)	(8.0, 0.16242246119179718)	(9.0, 0.14295662079920232)	('>10', 1.9651131414889598)	('>50', 0.8735865836321287)	('>100', 3.2420518855091505)	('>500', 2.7757226694547064)	('>1k', 18.80086197748892)	('>5k', 16.368268294046622)	('>10k+', 48.34128119397921)
ch_2D_CKDL260002520-1A_2372W3LT4_L5_1	(1.0, 8.679578783386683)	(2.0, 2.7897841236840133)	(3.0, 1.3368839575287208)	(4.0, 0.8625231025683358)	(5.0, 0.6801863075646222)	(6.0, 0.5519428474925423)	(7.0, 0.5249007182508239)	(8.0, 0.46384927363087425)	(9.0, 0.41236294896105213)	('>10', 9.32611003927493)	('>50', 6.4605890428577215)	('>100', 26.075579775153134)	('>500', 14.515364744070029)	('>1k', 24.615186708199715)	('>5k', 2.7051576273767997)	('>10k+', 0.0)
ch_2D_CKDL260002520-1A_2372W3LT4_L5_2	(1.0, 8.37618284022626)	(2.0, 1.9783021139873243)	(3.0, 0.7760489171615359)	(4.0, 0.47084530123878837)	(5.0, 0.351841735830881)	(6.0, 0.32493964651359497)	(7.0, 0.2845277743513836)	(8.0, 0.2857025380770292)	(9.0, 0.26009268885795345)	('>10', 7.6708546993485935)	('>50', 8.257766656681174)	('>100', 36.08874165183528)	('>500', 16.70243822211258)	('>1k', 14.824460930295395)	('>5k', 3.3472542834822345)	('>10k+', 0.0)
ch_2D_CKDL260002520-1A_23757VLT4_L4_1	(1.0, 4.308135538301019)	(2.0, 1.4529726300486885)	(3.0, 0.7554300463091993)	(4.0, 0.4936714476397293)	(5.0, 0.3642474733522893)	(6.0, 0.29785303534750424)	(7.0, 0.2608939171253622)	(8.0, 0.22110323789034902)	(9.0, 0.2048260831816056)	('>10', 3.3580118441191615)	('>50', 1.7212268939809747)	('>100', 5.926123664969005)	('>500', 4.265152901092544)	('>1k', 17.8243411395806)	('>5k', 11.598526374288006)	('>10k+', 46.94748377277397)
ch_2D_CKDL260002520-1A_23757VLT4_L4_2	(1.0, 4.166211118909155)	(2.0, 1.3438977150779725)	(3.0, 0.6360440758007289)	(4.0, 0.3889109903180715)	(5.0, 0.2774028528160164)	(6.0, 0.22242919594236024)	(7.0, 0.17950691701866345)	(8.0, 0.1662893036131825)	(9.0, 0.12697657871020507)	('>10', 1.9512567637804912)	('>50', 0.9386054204252217)	('>100', 3.910807209926967)	('>500', 3.519795506840504)	('>1k', 24.137935302340686)	('>5k', 16.599413779947163)	('>10k+', 41.43451726853263)
ch_3A_CKDL260002520-1A_2372W3LT4_L5_1	(1.0, 10.367806279823304)	(2.0, 2.985212824751604)	(3.0, 1.336659779710335)	(4.0, 0.8638705950162325)	(5.0, 0.6830075476973154)	(6.0, 0.5656793939271961)	(7.0, 0.49850094796379296)	(8.0, 0.4251618561077088)	(9.0, 0.3875863360822852)	('>10', 8.073902627086776)	('>50', 5.839609917277276)	('>100', 22.77956160274869)	('>500', 14.912823506435616)	('>1k', 25.928385915673058)	('>5k', 4.352230869698802)	('>10k+', 0.0)
ch_3A_CKDL260002520-1A_2372W3LT4_L5_2	(1.0, 9.937715107612528)	(2.0, 2.3514218707756362)	(3.0, 0.8778942393837296)	(4.0, 0.47376280735591864)	(5.0, 0.364098417818218)	(6.0, 0.29847285675839735)	(7.0, 0.26629508849083455)	(8.0, 0.2629168295485862)	(9.0, 0.22248282733666802)	('>10', 6.506041749274089)	('>50', 6.740309842658306)	('>100', 32.97910282305963)	('>500', 15.845625554029349)	('>1k', 19.272934224930562)	('>5k', 2.5259753561914637)	('>10k+', 1.0749504047760892)
ch_3A_CKDL260002520-1A_23757VLT4_L4_1	(1.0, 4.880321667314348)	(2.0, 1.8209109409698692)	(3.0, 0.9220202155835963)	(4.0, 0.5930513952986313)	(5.0, 0.4507218740781863)	(6.0, 0.3413666521578191)	(7.0, 0.3020510831919562)	(8.0, 0.25528109360973544)	(9.0, 0.23176557808471696)	('>10', 3.49852752401675)	('>50', 1.6613946520780334)	('>100', 5.476688633235722)	('>500', 3.5843095377815395)	('>1k', 15.609899893282748)	('>5k', 10.289961302971363)	('>10k+', 50.081727956345)
ch_3A_CKDL260002520-1A_23757VLT4_L4_2	(1.0, 4.996671070874234)	(2.0, 1.7646082303141273)	(3.0, 0.8501495785063385)	(4.0, 0.49027498253506097)	(5.0, 0.33685047089469133)	(6.0, 0.2703800112162899)	(7.0, 0.2308191468802923)	(8.0, 0.1818945297098768)	(9.0, 0.17105670094874215)	('>10', 2.1353216074935997)	('>50', 0.9379697048332845)	('>100', 3.488360745187416)	('>500', 2.905587101178265)	('>1k', 19.252232164457993)	('>5k', 15.911780634427238)	('>10k+', 46.07604332054255)
ch_3B_CKDL260002520-1A_2372W3LT4_L5_1	(1.0, 8.839994250395863)	(2.0, 2.681627111571725)	(3.0, 1.2657853051618289)	(4.0, 0.7927006869325425)	(5.0, 0.5865089280583633)	(6.0, 0.47005067145305973)	(7.0, 0.4163665693142113)	(8.0, 0.3647443021908965)	(9.0, 0.3424675389366172)	('>10', 6.700563255806716)	('>50', 4.786289149177916)	('>100', 19.31579967288902)	('>500', 13.127804163044528)	('>1k', 30.777229222872055)	('>5k', 7.122940964759353)	('>10k+', 2.4091282074353018)
ch_3B_CKDL260002520-1A_2372W3LT4_L5_2	(1.0, 8.484598166841733)	(2.0, 2.189816064386798)	(3.0, 0.8108335849305894)	(4.0, 0.46041947107579595)	(5.0, 0.3101352735178435)	(6.0, 0.2624359844840037)	(7.0, 0.22102039888521877)	(8.0, 0.20381212696592238)	(9.0, 0.18359857231294405)	('>10', 4.900502425057998)	('>50', 4.511759373740802)	('>100', 26.94016979370924)	('>500', 16.59117411526017)	('>1k', 28.29476528642907)	('>5k', 2.907908992420766)	('>10k+', 2.7270503699811024)
ch_3B_CKDL260002520-1A_23757VLT4_L4_1	(1.0, 4.039591365599593)	(2.0, 1.5459423413351858)	(3.0, 0.8232715186827358)	(4.0, 0.5296758136449569)	(5.0, 0.3941233608173503)	(6.0, 0.3168816908766423)	(7.0, 0.26379457357158037)	(8.0, 0.22586145667221127)	(9.0, 0.19228608720965934)	('>10', 3.079209967682069)	('>50', 1.5000451367058436)	('>100', 4.654376749205069)	('>500', 2.8824241837808633)	('>1k', 12.779893137811898)	('>5k', 9.559689571850233)	('>10k+', 57.212933044554106)
ch_3B_CKDL260002520-1A_23757VLT4_L4_2	(1.0, 4.024233299105491)	(2.0, 1.5574320308593008)	(3.0, 0.7315991760768291)	(4.0, 0.45300755118331215)	(5.0, 0.3220389815731019)	(6.0, 0.24528612869946306)	(7.0, 0.19926879810462225)	(8.0, 0.1746705844941218)	(9.0, 0.146617137407543)	('>10', 1.9971483688581233)	('>50', 0.8143585134532219)	('>100', 2.7938301085509982)	('>500', 2.285312243450571)	('>1k', 13.679616531927572)	('>5k', 14.017300956926833)	('>10k+', 56.558279589328905)
ch_3C_CKDL260002520-1A_2372W3LT4_L5_1	(1.0, 9.528443348594443)	(2.0, 2.8613429845308107)	(3.0, 1.3220106641773068)	(4.0, 0.8634137971456197)	(5.0, 0.6548277394558716)	(6.0, 0.5468423401733387)	(7.0, 0.4715823316047303)	(8.0, 0.42606853627100044)	(9.0, 0.4363595342835221)	('>10', 8.534207949744907)	('>50', 5.8789182769882835)	('>100', 23.402472129815397)	('>500', 14.90539664712598)	('>1k', 26.552047985462107)	('>5k', 3.6160657346266873)	('>10k+', 0.0)
ch_3C_CKDL260002520-1A_2372W3LT4_L5_2	(1.0, 9.042234583880816)	(2.0, 2.246461982924095)	(3.0, 0.8468124865060171)	(4.0, 0.5002032893306979)	(5.0, 0.3597662825989038)	(6.0, 0.3166367164670176)	(7.0, 0.2789115922828615)	(8.0, 0.26280423588962637)	(9.0, 0.23175518705266648)	('>10', 6.912811098396728)	('>50', 7.383527395099035)	('>100', 33.320609966205865)	('>500', 15.584715066054667)	('>1k', 18.8564158639806)	('>5k', 2.7281834891042056)	('>10k+', 1.1281507642261945)
ch_3C_CKDL260002520-1A_23757VLT4_L4_1	(1.0, 4.331950694579929)	(2.0, 1.6095300032532864)	(3.0, 0.8135828659850353)	(4.0, 0.5274949348072605)	(5.0, 0.3908768494491987)	(6.0, 0.3141184560217051)	(7.0, 0.2730026373868275)	(8.0, 0.23596738675403903)	(9.0, 0.19262483135879363)	('>10', 3.2179330017402843)	('>50', 1.6166471715636548)	('>100', 5.524175027547905)	('>500', 3.8097505328662433)	('>1k', 16.182019425255834)	('>5k', 10.243499427211153)	('>10k+', 50.71682675421884)
ch_3C_CKDL260002520-1A_23757VLT4_L4_2	(1.0, 4.396336633492468)	(2.0, 1.5338588383525529)	(3.0, 0.7474322588011567)	(4.0, 0.43911965360833255)	(5.0, 0.3145246655436952)	(6.0, 0.23148027930661855)	(7.0, 0.19520429221668334)	(8.0, 0.16528869255446466)	(9.0, 0.1392368031331681)	('>10', 1.9712636470750653)	('>50', 0.926209956914478)	('>100', 3.6037055208916633)	('>500', 3.130893245149495)	('>1k', 20.440819274269767)	('>5k', 15.065766550899548)	('>10k+', 46.69885968779086)
ch_3D_CKDL260002520-1A_2372W3LT4_L5_1	(1.0, 8.870090255500966)	(2.0, 2.686115352610689)	(3.0, 1.2359628650901688)	(4.0, 0.8248041751554133)	(5.0, 0.6122639958346779)	(6.0, 0.521930444926621)	(7.0, 0.463845258972401)	(8.0, 0.4043881843436556)	(9.0, 0.38466925555264064)	('>10', 8.248718191928704)	('>50', 5.761130281703822)	('>100', 22.997175678499804)	('>500', 14.981381076909637)	('>1k', 26.979298237347244)	('>5k', 5.028226745623562)	('>10k+', 0.0)
ch_3D_CKDL260002520-1A_2372W3LT4_L5_2	(1.0, 7.827650275229479)	(2.0, 2.1366409985102983)	(3.0, 0.8087094842066739)	(4.0, 0.476626420661631)	(5.0, 0.34237862971156724)	(6.0, 0.30829159433059183)	(7.0, 0.24846331689200668)	(8.0, 0.26384773109049997)	(9.0, 0.22805131635413645)	('>10', 6.567133828220902)	('>50', 6.7139393493307065)	('>100', 32.90344100495931)	('>500', 15.894412556759724)	('>1k', 20.765339305801646)	('>5k', 3.3627513989556372)	('>10k+', 1.1523227889851868)
ch_3D_CKDL260002520-1A_23757VLT4_L4_1	(1.0, 4.114839687914523)	(2.0, 1.4886354254518315)	(3.0, 0.7730599131713995)	(4.0, 0.49155535810211004)	(5.0, 0.3655447632424962)	(6.0, 0.31134080984875684)	(7.0, 0.25276384248334327)	(8.0, 0.21733871973860186)	(9.0, 0.19470084909647362)	('>10', 3.146255404639433)	('>50', 1.5665890651946832)	('>100', 5.252436177834496)	('>500', 3.629515613885536)	('>1k', 15.383916165561859)	('>5k', 10.085225004974069)	('>10k+', 52.72628319886038)
ch_3D_CKDL260002520-1A_23757VLT4_L4_2	(1.0, 4.097854081666967)	(2.0, 1.4173956858530223)	(3.0, 0.6712044348785637)	(4.0, 0.40910694378085116)	(5.0, 0.2926788568992966)	(6.0, 0.23331920303168263)	(7.0, 0.18441557128778288)	(8.0, 0.16423060630070566)	(9.0, 0.1375552280477668)	('>10', 1.942504420542051)	('>50', 0.9081352384819753)	('>100', 3.4606565959407845)	('>500', 2.9760813990100057)	('>1k', 18.738701053774754)	('>5k', 15.16971385616549)	('>10k+', 49.196446824338274)
