
SUMMARISING RUN PARAMETERS
==========================
Input filename: Mock_3_trimmed_2.fastq.gz
Trimming mode: paired-end
Trim Galore version: 0.6.7
Cutadapt version: 3.4
Python version: could not detect
Number of cores used for trimming: 8
Quality Phred score cutoff: 20
Quality encoding type selected: ASCII+33
Using Illumina adapter for trimming (count: 120143). Second best hit was smallRNA (count: 24)
Adapter sequence: 'AGATCGGAAGAGC' (Illumina TruSeq, Sanger iPCR; auto-detected)
Maximum trimming error rate: 0.1 (default)
Minimum required adapter overlap (stringency): 1 bp
Minimum required sequence length for both reads before a sequence pair gets removed: 20 bp
Running FastQC on the data once trimming has completed
Running FastQC with the following extra arguments: -t 12
Output file will be GZIP compressed


This is cutadapt 3.4 with Python 3.9.6
Command line parameters: -j 8 -e 0.1 -q 20 -O 1 -a AGATCGGAAGAGC Mock_3_trimmed_2.fastq.gz
Processing reads on 8 cores in single-end mode ...
Finished in 87.82 s (4 µs/read; 15.50 M reads/minute).

=== Summary ===

Total reads processed:              22,688,464
Reads with adapters:                10,491,679 (46.2%)
Reads written (passing filters):    22,688,464 (100.0%)

Total basepairs processed: 3,401,238,929 bp
Quality-trimmed:               7,317,685 bp (0.2%)
Total written (filtered):  3,279,345,338 bp (96.4%)

=== Adapter 1 ===

Sequence: AGATCGGAAGAGC; Type: regular 3'; Length: 13; Trimmed: 10491679 times

No. of allowed errors:
1-9 bp: 0; 10-13 bp: 1

Bases preceding removed adapters:
  A: 25.2%
  C: 34.7%
  G: 27.8%
  T: 12.3%
  none/other: 0.0%

Overview of removed sequences
length	count	expect	max.err	error counts
1	4507332	5672116.0	0	4507332
2	1501039	1418029.0	0	1501039
3	558635	354507.2	0	558635
4	217642	88626.8	0	217642
5	142899	22156.7	0	142899
6	122570	5539.2	0	122570
7	113251	1384.8	0	113251
8	108469	346.2	0	108469
9	106372	86.5	0	104887 1485
10	106283	21.6	1	103051 3232
11	104123	5.4	1	100785 3338
12	104371	1.4	1	101023 3348
13	99868	0.3	1	96847 3021
14	101379	0.3	1	97818 3561
15	97387	0.3	1	94288 3099
16	91395	0.3	1	88547 2848
17	87755	0.3	1	84926 2829
18	83349	0.3	1	80516 2833
19	95193	0.3	1	91752 3441
20	82916	0.3	1	80717 2199
21	61531	0.3	1	59630 1901
22	72914	0.3	1	70665 2249
23	75867	0.3	1	73367 2500
24	86676	0.3	1	83816 2860
25	64887	0.3	1	62863 2024
26	69762	0.3	1	67587 2175
27	79995	0.3	1	77736 2259
28	56501	0.3	1	54626 1875
29	60071	0.3	1	58412 1659
30	53743	0.3	1	52168 1575
31	52228	0.3	1	50857 1371
32	52967	0.3	1	51395 1572
33	53394	0.3	1	51613 1781
34	90186	0.3	1	88442 1744
35	27083	0.3	1	25853 1230
36	53246	0.3	1	51841 1405
37	48832	0.3	1	47524 1308
38	34823	0.3	1	33626 1197
39	44266	0.3	1	42903 1363
40	38928	0.3	1	37766 1162
41	41043	0.3	1	39957 1086
42	32039	0.3	1	31046 993
43	40466	0.3	1	39250 1216
44	34454	0.3	1	33173 1281
45	55341	0.3	1	54197 1144
46	24721	0.3	1	23856 865
47	30730	0.3	1	29760 970
48	32132	0.3	1	31298 834
49	25736	0.3	1	25014 722
50	23558	0.3	1	22820 738
51	24263	0.3	1	23533 730
52	29249	0.3	1	28585 664
53	18242	0.3	1	17586 656
54	25648	0.3	1	24943 705
55	25609	0.3	1	24965 644
56	22000	0.3	1	21341 659
57	26009	0.3	1	25313 696
58	27728	0.3	1	27168 560
59	15806	0.3	1	15294 512
60	16532	0.3	1	16059 473
61	13840	0.3	1	13385 455
62	18036	0.3	1	17568 468
63	12365	0.3	1	11927 438
64	17644	0.3	1	17217 427
65	13355	0.3	1	12935 420
66	14661	0.3	1	14224 437
67	16483	0.3	1	16080 403
68	11475	0.3	1	11115 360
69	8419	0.3	1	8058 361
70	14440	0.3	1	14140 300
71	5328	0.3	1	5057 271
72	9466	0.3	1	9131 335
73	12600	0.3	1	12021 579
74	22688	0.3	1	21523 1165
75	51066	0.3	1	50327 739
76	18836	0.3	1	18477 359
77	7007	0.3	1	6758 249
78	7841	0.3	1	7600 241
79	7092	0.3	1	6893 199
80	6544	0.3	1	6381 163
81	5817	0.3	1	5634 183
82	5342	0.3	1	5199 143
83	5035	0.3	1	4916 119
84	3400	0.3	1	3345 55
85	164	0.3	1	145 19
86	40	0.3	1	22 18
87	39	0.3	1	11 28
88	22	0.3	1	5 17
89	15	0.3	1	4 11
90	24	0.3	1	3 21
91	19	0.3	1	2 17
92	12	0.3	1	0 12
93	18	0.3	1	3 15
94	29	0.3	1	3 26
95	13	0.3	1	1 12
96	22	0.3	1	3 19
97	15	0.3	1	2 13
98	52	0.3	1	2 50
99	35	0.3	1	0 35
100	22	0.3	1	2 20
101	16	0.3	1	1 15
102	17	0.3	1	1 16
103	11	0.3	1	0 11
104	33	0.3	1	0 33
105	15	0.3	1	1 14
106	10	0.3	1	0 10
107	8	0.3	1	1 7
108	12	0.3	1	0 12
109	14	0.3	1	0 14
110	23	0.3	1	0 23
111	22	0.3	1	1 21
112	28	0.3	1	0 28
113	27	0.3	1	0 27
114	22	0.3	1	0 22
115	9	0.3	1	0 9
116	19	0.3	1	1 18
117	25	0.3	1	0 25
118	31	0.3	1	0 31
119	20	0.3	1	0 20
120	16	0.3	1	1 15
121	21	0.3	1	1 20
122	26	0.3	1	0 26
123	36	0.3	1	0 36
124	30	0.3	1	0 30
125	15	0.3	1	0 15
126	27	0.3	1	0 27
127	21	0.3	1	0 21
128	14	0.3	1	0 14
129	24	0.3	1	0 24
130	46	0.3	1	0 46
131	19	0.3	1	0 19
132	24	0.3	1	0 24
133	18	0.3	1	0 18
134	11	0.3	1	0 11
135	20	0.3	1	0 20
136	11	0.3	1	0 11
137	21	0.3	1	1 20
138	16	0.3	1	0 16
139	10	0.3	1	0 10
140	7	0.3	1	0 7
141	19	0.3	1	0 19
142	13	0.3	1	0 13
143	9	0.3	1	0 9
144	11	0.3	1	0 11
145	8	0.3	1	0 8
146	6	0.3	1	0 6
147	29	0.3	1	0 29
148	13	0.3	1	0 13
149	8	0.3	1	0 8
150	13	0.3	1	0 13

RUN STATISTICS FOR INPUT FILE: Mock_3_trimmed_2.fastq.gz
=============================================
22688464 sequences processed in total

Total number of sequences analysed for the sequence pair length validation: 22688464

Number of sequence pairs removed because at least one read was shorter than the length cutoff (20 bp): 18903 (0.08%)
