
SUMMARISING RUN PARAMETERS
==========================
Input filename: WT_2_trimmed_2.fastq.gz
Trimming mode: paired-end
Trim Galore version: 0.6.7
Cutadapt version: 3.4
Python version: could not detect
Number of cores used for trimming: 8
Quality Phred score cutoff: 20
Quality encoding type selected: ASCII+33
Using Illumina adapter for trimming (count: 99344). Second best hit was smallRNA (count: 28)
Adapter sequence: 'AGATCGGAAGAGC' (Illumina TruSeq, Sanger iPCR; auto-detected)
Maximum trimming error rate: 0.1 (default)
Minimum required adapter overlap (stringency): 1 bp
Minimum required sequence length for both reads before a sequence pair gets removed: 20 bp
Running FastQC on the data once trimming has completed
Running FastQC with the following extra arguments: -t 12
Output file will be GZIP compressed


This is cutadapt 3.4 with Python 3.9.6
Command line parameters: -j 8 -e 0.1 -q 20 -O 1 -a AGATCGGAAGAGC WT_2_trimmed_2.fastq.gz
Processing reads on 8 cores in single-end mode ...
Finished in 88.60 s (4 µs/read; 15.45 M reads/minute).

=== Summary ===

Total reads processed:              22,821,262
Reads with adapters:                10,003,967 (43.8%)
Reads written (passing filters):    22,821,262 (100.0%)

Total basepairs processed: 3,421,507,938 bp
Quality-trimmed:               6,964,475 bp (0.2%)
Total written (filtered):  3,317,908,465 bp (97.0%)

=== Adapter 1 ===

Sequence: AGATCGGAAGAGC; Type: regular 3'; Length: 13; Trimmed: 10003967 times

No. of allowed errors:
1-9 bp: 0; 10-13 bp: 1

Bases preceding removed adapters:
  A: 26.1%
  C: 33.9%
  G: 27.2%
  T: 12.9%
  none/other: 0.0%

Overview of removed sequences
length	count	expect	max.err	error counts
1	4672257	5705315.5	0	4672257
2	1526374	1426328.9	0	1526374
3	547323	356582.2	0	547323
4	200079	89145.6	0	200079
5	123218	22286.4	0	123218
6	102753	5571.6	0	102753
7	95152	1392.9	0	95152
8	90833	348.2	0	90833
9	88508	87.1	0	87259 1249
10	87911	21.8	1	85144 2767
11	85771	5.4	1	82955 2816
12	86813	1.4	1	83921 2892
13	82375	0.3	1	79942 2433
14	83700	0.3	1	80595 3105
15	80019	0.3	1	77347 2672
16	75092	0.3	1	72588 2504
17	72712	0.3	1	70265 2447
18	67908	0.3	1	65497 2411
19	77995	0.3	1	75113 2882
20	67149	0.3	1	65217 1932
21	50134	0.3	1	48539 1595
22	58740	0.3	1	56916 1824
23	61244	0.3	1	59203 2041
24	71191	0.3	1	68614 2577
25	51958	0.3	1	50272 1686
26	56759	0.3	1	54922 1837
27	63485	0.3	1	61639 1846
28	46555	0.3	1	45167 1388
29	45802	0.3	1	44531 1271
30	42827	0.3	1	41478 1349
31	43817	0.3	1	42566 1251
32	42531	0.3	1	41234 1297
33	43668	0.3	1	42331 1337
34	50049	0.3	1	48524 1525
35	43682	0.3	1	42346 1336
36	49328	0.3	1	48025 1303
37	30519	0.3	1	29609 910
38	31212	0.3	1	30266 946
39	33327	0.3	1	32192 1135
40	43911	0.3	1	42749 1162
41	31591	0.3	1	30711 880
42	23968	0.3	1	23157 811
43	29425	0.3	1	28575 850
44	29103	0.3	1	28159 944
45	39814	0.3	1	38810 1004
46	23254	0.3	1	22454 800
47	24773	0.3	1	23979 794
48	27169	0.3	1	26420 749
49	20578	0.3	1	19989 589
50	20051	0.3	1	19415 636
51	20321	0.3	1	19679 642
52	23359	0.3	1	22757 602
53	16103	0.3	1	15569 534
54	21634	0.3	1	21032 602
55	20960	0.3	1	20403 557
56	19003	0.3	1	18406 597
57	21778	0.3	1	21165 613
58	22630	0.3	1	22073 557
59	13451	0.3	1	13035 416
60	14971	0.3	1	14543 428
61	11943	0.3	1	11572 371
62	14118	0.3	1	13739 379
63	11193	0.3	1	10802 391
64	14651	0.3	1	14273 378
65	11876	0.3	1	11513 363
66	12218	0.3	1	11837 381
67	13533	0.3	1	13221 312
68	10167	0.3	1	9900 267
69	7589	0.3	1	7302 287
70	12079	0.3	1	11809 270
71	4999	0.3	1	4773 226
72	8301	0.3	1	8000 301
73	11203	0.3	1	10738 465
74	19909	0.3	1	18873 1036
75	43466	0.3	1	42806 660
76	16047	0.3	1	15730 317
77	5982	0.3	1	5798 184
78	6541	0.3	1	6367 174
79	6086	0.3	1	5898 188
80	5487	0.3	1	5341 146
81	5002	0.3	1	4870 132
82	4648	0.3	1	4520 128
83	4288	0.3	1	4198 90
84	2636	0.3	1	2589 47
85	161	0.3	1	138 23
86	27	0.3	1	12 15
87	33	0.3	1	4 29
88	32	0.3	1	3 29
89	11	0.3	1	1 10
90	21	0.3	1	4 17
91	17	0.3	1	2 15
92	15	0.3	1	2 13
93	35	0.3	1	5 30
94	22	0.3	1	1 21
95	15	0.3	1	0 15
96	19	0.3	1	1 18
97	21	0.3	1	0 21
98	46	0.3	1	2 44
99	25	0.3	1	2 23
100	17	0.3	1	0 17
101	12	0.3	1	1 11
102	10	0.3	1	0 10
103	16	0.3	1	1 15
104	35	0.3	1	0 35
105	21	0.3	1	0 21
106	17	0.3	1	1 16
107	13	0.3	1	2 11
108	15	0.3	1	1 14
109	12	0.3	1	0 12
110	21	0.3	1	0 21
111	17	0.3	1	0 17
112	26	0.3	1	1 25
113	38	0.3	1	0 38
114	18	0.3	1	0 18
115	14	0.3	1	0 14
116	18	0.3	1	1 17
117	27	0.3	1	0 27
118	23	0.3	1	0 23
119	17	0.3	1	0 17
120	17	0.3	1	1 16
121	14	0.3	1	0 14
122	13	0.3	1	1 12
123	46	0.3	1	0 46
124	27	0.3	1	1 26
125	18	0.3	1	0 18
126	13	0.3	1	0 13
127	16	0.3	1	1 15
128	15	0.3	1	0 15
129	24	0.3	1	1 23
130	27	0.3	1	0 27
131	11	0.3	1	0 11
132	14	0.3	1	0 14
133	14	0.3	1	0 14
134	20	0.3	1	1 19
135	19	0.3	1	0 19
136	11	0.3	1	0 11
137	11	0.3	1	0 11
138	8	0.3	1	0 8
139	19	0.3	1	0 19
140	4	0.3	1	0 4
141	20	0.3	1	0 20
142	23	0.3	1	0 23
143	13	0.3	1	0 13
144	10	0.3	1	0 10
145	10	0.3	1	1 9
146	9	0.3	1	0 9
147	25	0.3	1	0 25
148	12	0.3	1	0 12
149	9	0.3	1	0 9
150	9	0.3	1	0 9

RUN STATISTICS FOR INPUT FILE: WT_2_trimmed_2.fastq.gz
=============================================
22821262 sequences processed in total

Total number of sequences analysed for the sequence pair length validation: 22821262

Number of sequence pairs removed because at least one read was shorter than the length cutoff (20 bp): 16643 (0.07%)
