
SUMMARISING RUN PARAMETERS
==========================
Input filename: Mock_1_trimmed_1.fastq.gz
Trimming mode: paired-end
Trim Galore version: 0.6.7
Cutadapt version: 3.4
Python version: could not detect
Number of cores used for trimming: 8
Quality Phred score cutoff: 20
Quality encoding type selected: ASCII+33
Using Illumina adapter for trimming (count: 34972). Second best hit was smallRNA (count: 28)
Adapter sequence: 'AGATCGGAAGAGC' (Illumina TruSeq, Sanger iPCR; auto-detected)
Maximum trimming error rate: 0.1 (default)
Minimum required adapter overlap (stringency): 1 bp
Minimum required sequence length for both reads before a sequence pair gets removed: 20 bp
Running FastQC on the data once trimming has completed
Running FastQC with the following extra arguments: -t 12
Output file will be GZIP compressed


This is cutadapt 3.4 with Python 3.9.6
Command line parameters: -j 8 -e 0.1 -q 20 -O 1 -a AGATCGGAAGAGC Mock_1_trimmed_1.fastq.gz
Processing reads on 8 cores in single-end mode ...
Finished in 101.37 s (4 µs/read; 15.24 M reads/minute).

=== Summary ===

Total reads processed:              25,754,351
Reads with adapters:                 9,166,476 (35.6%)
Reads written (passing filters):    25,754,351 (100.0%)

Total basepairs processed: 3,861,055,396 bp
Quality-trimmed:               6,981,548 bp (0.2%)
Total written (filtered):  3,807,896,139 bp (98.6%)

=== Adapter 1 ===

Sequence: AGATCGGAAGAGC; Type: regular 3'; Length: 13; Trimmed: 9166476 times

No. of allowed errors:
1-9 bp: 0; 10-13 bp: 1

Bases preceding removed adapters:
  A: 28.0%
  C: 34.6%
  G: 20.6%
  T: 16.9%
  none/other: 0.0%

Overview of removed sequences
length	count	expect	max.err	error counts
1	5705333	6438587.8	0	5705333
2	1735642	1609646.9	0	1735642
3	475776	402411.7	0	475776
4	123871	100602.9	0	123871
5	51066	25150.7	0	51066
6	29491	6287.7	0	29491
7	26179	1571.9	0	26179
8	25012	393.0	0	25012
9	24710	98.2	0	24070 640
10	24449	24.6	1	23233 1216
11	24172	6.1	1	23150 1022
12	23954	1.5	1	22927 1027
13	23768	0.4	1	22724 1044
14	23554	0.4	1	22581 973
15	22986	0.4	1	22020 966
16	22701	0.4	1	21707 994
17	21572	0.4	1	20606 966
18	20730	0.4	1	19848 882
19	20228	0.4	1	19330 898
20	19713	0.4	1	18904 809
21	19529	0.4	1	18688 841
22	19235	0.4	1	18436 799
23	19034	0.4	1	18221 813
24	19423	0.4	1	18561 862
25	18804	0.4	1	18004 800
26	18546	0.4	1	17672 874
27	17716	0.4	1	16943 773
28	16988	0.4	1	16198 790
29	16072	0.4	1	15403 669
30	15693	0.4	1	14985 708
31	15598	0.4	1	14887 711
32	15925	0.4	1	15199 726
33	15852	0.4	1	15124 728
34	16347	0.4	1	15609 738
35	15750	0.4	1	15103 647
36	15568	0.4	1	14910 658
37	14951	0.4	1	14319 632
38	14049	0.4	1	13421 628
39	13722	0.4	1	13102 620
40	13611	0.4	1	12953 658
41	12826	0.4	1	12260 566
42	13404	0.4	1	12778 626
43	13422	0.4	1	12588 834
44	20442	0.4	1	19485 957
45	15663	0.4	1	14766 897
46	20743	0.4	1	20167 576
47	10324	0.4	1	7142 3182
48	91812	0.4	1	89706 2106
49	34143	0.4	1	33328 815
50	12486	0.4	1	12108 378
51	5986	0.4	1	5064 922
52	26892	0.4	1	26517 375
53	3898	0.4	1	3653 245
54	7289	0.4	1	7114 175
55	2412	0.4	1	2239 173
56	3228	0.4	1	3142 86
57	1471	0.4	1	1288 183
58	4764	0.4	1	4284 480
59	12789	0.4	1	12597 192
60	1680	0.4	1	1381 299
61	7465	0.4	1	7365 100
62	480	0.4	1	416 64
63	623	0.4	1	479 144
64	4416	0.4	1	3941 475
65	11439	0.4	1	11257 182
66	1223	0.4	1	1159 64
67	490	0.4	1	402 88
68	1757	0.4	1	1620 137
69	3109	0.4	1	2876 233
70	5323	0.4	1	5067 256
71	5246	0.4	1	5062 184
72	3115	0.4	1	2994 121
73	2004	0.4	1	1864 140
74	3427	0.4	1	3243 184
75	4381	0.4	1	4151 230
76	4533	0.4	1	4326 207
77	4534	0.4	1	4336 198
78	4009	0.4	1	3877 132
79	3102	0.4	1	2999 103
80	1694	0.4	1	1662 32
81	222	0.4	1	213 9
82	31	0.4	1	26 5
83	15	0.4	1	7 8
84	25	0.4	1	6 19
85	28	0.4	1	3 25
86	27	0.4	1	1 26
87	15	0.4	1	1 14
88	14	0.4	1	1 13
89	23	0.4	1	2 21
90	17	0.4	1	2 15
91	7	0.4	1	0 7
92	10	0.4	1	0 10
93	11	0.4	1	0 11
94	14	0.4	1	0 14
95	6	0.4	1	0 6
96	11	0.4	1	1 10
97	20	0.4	1	1 19
98	10	0.4	1	2 8
99	11	0.4	1	1 10
100	11	0.4	1	1 10
101	14	0.4	1	2 12
102	20	0.4	1	0 20
103	12	0.4	1	1 11
104	15	0.4	1	1 14
105	15	0.4	1	2 13
106	7	0.4	1	0 7
107	7	0.4	1	0 7
108	15	0.4	1	1 14
109	15	0.4	1	3 12
110	11	0.4	1	1 10
111	14	0.4	1	0 14
112	14	0.4	1	0 14
113	21	0.4	1	0 21
114	20	0.4	1	3 17
115	7	0.4	1	0 7
116	10	0.4	1	0 10
117	6	0.4	1	0 6
118	13	0.4	1	0 13
119	10	0.4	1	0 10
120	25	0.4	1	0 25
121	24	0.4	1	0 24
122	16	0.4	1	0 16
123	20	0.4	1	0 20
124	13	0.4	1	0 13
125	9	0.4	1	0 9
126	3	0.4	1	0 3
127	10	0.4	1	0 10
128	10	0.4	1	0 10
129	16	0.4	1	0 16
130	13	0.4	1	0 13
131	12	0.4	1	0 12
132	14	0.4	1	0 14
133	16	0.4	1	0 16
134	11	0.4	1	0 11
135	6	0.4	1	0 6
136	8	0.4	1	0 8
137	12	0.4	1	0 12
138	10	0.4	1	0 10
139	10	0.4	1	0 10
140	11	0.4	1	0 11
141	6	0.4	1	0 6
142	13	0.4	1	0 13
143	10	0.4	1	0 10
144	3	0.4	1	0 3
145	7	0.4	1	0 7
146	4	0.4	1	0 4
147	9	0.4	1	0 9
148	4	0.4	1	0 4
149	2	0.4	1	0 2
150	11	0.4	1	0 11

RUN STATISTICS FOR INPUT FILE: Mock_1_trimmed_1.fastq.gz
=============================================
25754351 sequences processed in total

