
SUMMARISING RUN PARAMETERS
==========================
Input filename: Mock_3_trimmed_1.fastq.gz
Trimming mode: paired-end
Trim Galore version: 0.6.7
Cutadapt version: 3.4
Python version: could not detect
Number of cores used for trimming: 8
Quality Phred score cutoff: 20
Quality encoding type selected: ASCII+33
Using Illumina adapter for trimming (count: 120143). Second best hit was smallRNA (count: 24)
Adapter sequence: 'AGATCGGAAGAGC' (Illumina TruSeq, Sanger iPCR; auto-detected)
Maximum trimming error rate: 0.1 (default)
Minimum required adapter overlap (stringency): 1 bp
Minimum required sequence length for both reads before a sequence pair gets removed: 20 bp
Running FastQC on the data once trimming has completed
Running FastQC with the following extra arguments: -t 12
Output file will be GZIP compressed


This is cutadapt 3.4 with Python 3.9.6
Command line parameters: -j 8 -e 0.1 -q 20 -O 1 -a AGATCGGAAGAGC Mock_3_trimmed_1.fastq.gz
Processing reads on 8 cores in single-end mode ...
Finished in 89.37 s (4 µs/read; 15.23 M reads/minute).

=== Summary ===

Total reads processed:              22,688,464
Reads with adapters:                10,065,291 (44.4%)
Reads written (passing filters):    22,688,464 (100.0%)

Total basepairs processed: 3,400,013,283 bp
Quality-trimmed:               8,342,279 bp (0.2%)
Total written (filtered):  3,282,543,401 bp (96.5%)

=== Adapter 1 ===

Sequence: AGATCGGAAGAGC; Type: regular 3'; Length: 13; Trimmed: 10065291 times

No. of allowed errors:
1-9 bp: 0; 10-13 bp: 1

Bases preceding removed adapters:
  A: 23.4%
  C: 35.5%
  G: 24.6%
  T: 16.5%
  none/other: 0.0%

Overview of removed sequences
length	count	expect	max.err	error counts
1	4277151	5672116.0	0	4277151
2	1414694	1418029.0	0	1414694
3	474056	354507.2	0	474056
4	197347	88626.8	0	197347
5	140446	22156.7	0	140446
6	121250	5539.2	0	121250
7	111925	1384.8	0	111925
8	108013	346.2	0	108013
9	106280	86.5	0	104205 2075
10	105394	21.6	1	101775 3619
11	103852	5.4	1	99866 3986
12	102278	1.4	1	98087 4191
13	101479	0.3	1	97023 4456
14	100830	0.3	1	96692 4138
15	96836	0.3	1	92524 4312
16	92652	0.3	1	88679 3973
17	86649	0.3	1	82883 3766
18	82632	0.3	1	79149 3483
19	79863	0.3	1	76419 3444
20	77067	0.3	1	73727 3340
21	76933	0.3	1	73581 3352
22	76018	0.3	1	72851 3167
23	75497	0.3	1	72160 3337
24	74323	0.3	1	71076 3247
25	72678	0.3	1	69423 3255
26	69451	0.3	1	66399 3052
27	64769	0.3	1	61920 2849
28	61417	0.3	1	58683 2734
29	57608	0.3	1	55046 2562
30	55064	0.3	1	52753 2311
31	54454	0.3	1	52002 2452
32	54349	0.3	1	51909 2440
33	53946	0.3	1	51582 2364
34	54475	0.3	1	52018 2457
35	52865	0.3	1	50513 2352
36	50311	0.3	1	48122 2189
37	46969	0.3	1	44926 2043
38	43690	0.3	1	41877 1813
39	41729	0.3	1	39921 1808
40	38896	0.3	1	37141 1755
41	38216	0.3	1	36514 1702
42	39317	0.3	1	37493 1824
43	39224	0.3	1	36985 2239
44	54106	0.3	1	51925 2181
45	38914	0.3	1	35990 2924
46	69982	0.3	1	68301 1681
47	29063	0.3	1	24704 4359
48	111165	0.3	1	107398 3767
49	78096	0.3	1	73479 4617
50	104064	0.3	1	102249 1815
51	23166	0.3	1	19551 3615
52	98119	0.3	1	95723 2396
53	45356	0.3	1	44754 602
54	6750	0.3	1	6423 327
55	6369	0.3	1	6142 227
56	2886	0.3	1	2779 107
57	1542	0.3	1	1374 168
58	4392	0.3	1	3896 496
59	11631	0.3	1	11404 227
60	3037	0.3	1	2680 357
61	7822	0.3	1	7687 135
62	1214	0.3	1	1130 84
63	874	0.3	1	643 231
64	5115	0.3	1	4553 562
65	15748	0.3	1	15347 401
66	6160	0.3	1	5999 161
67	1260	0.3	1	1153 107
68	1295	0.3	1	1147 148
69	2715	0.3	1	2494 221
70	5108	0.3	1	4880 228
71	4499	0.3	1	4310 189
72	3440	0.3	1	3256 184
73	3423	0.3	1	3156 267
74	6224	0.3	1	5921 303
75	8022	0.3	1	7652 370
76	8030	0.3	1	7672 358
77	7565	0.3	1	7238 327
78	6534	0.3	1	6287 247
79	4898	0.3	1	4735 163
80	2535	0.3	1	2492 43
81	487	0.3	1	473 14
82	73	0.3	1	63 10
83	24	0.3	1	15 9
84	22	0.3	1	7 15
85	22	0.3	1	2 20
86	6	0.3	1	3 3
87	19	0.3	1	3 16
88	13	0.3	1	1 12
89	5	0.3	1	0 5
90	9	0.3	1	0 9
91	7	0.3	1	0 7
92	4	0.3	1	1 3
93	5	0.3	1	1 4
94	8	0.3	1	0 8
95	9	0.3	1	0 9
96	9	0.3	1	0 9
97	16	0.3	1	2 14
98	11	0.3	1	0 11
99	9	0.3	1	0 9
100	13	0.3	1	1 12
101	7	0.3	1	1 6
102	12	0.3	1	0 12
103	10	0.3	1	0 10
104	10	0.3	1	1 9
105	10	0.3	1	1 9
106	9	0.3	1	0 9
107	11	0.3	1	0 11
108	15	0.3	1	0 15
109	9	0.3	1	0 9
110	12	0.3	1	0 12
111	11	0.3	1	0 11
112	12	0.3	1	0 12
113	39	0.3	1	0 39
114	17	0.3	1	0 17
115	6	0.3	1	1 5
116	9	0.3	1	0 9
117	11	0.3	1	0 11
118	15	0.3	1	0 15
119	7	0.3	1	0 7
120	16	0.3	1	0 16
121	17	0.3	1	0 17
122	11	0.3	1	0 11
123	21	0.3	1	1 20
124	10	0.3	1	0 10
125	9	0.3	1	1 8
126	4	0.3	1	0 4
127	12	0.3	1	0 12
128	9	0.3	1	0 9
129	17	0.3	1	0 17
130	11	0.3	1	0 11
131	7	0.3	1	1 6
132	11	0.3	1	0 11
133	17	0.3	1	0 17
134	7	0.3	1	0 7
135	7	0.3	1	0 7
136	10	0.3	1	0 10
137	9	0.3	1	0 9
138	9	0.3	1	0 9
139	5	0.3	1	0 5
140	7	0.3	1	0 7
141	7	0.3	1	0 7
142	4	0.3	1	0 4
143	7	0.3	1	0 7
144	8	0.3	1	0 8
145	2	0.3	1	0 2
146	1	0.3	1	0 1
147	7	0.3	1	0 7
148	9	0.3	1	0 9
149	1	0.3	1	0 1
150	4	0.3	1	0 4

RUN STATISTICS FOR INPUT FILE: Mock_3_trimmed_1.fastq.gz
=============================================
22688464 sequences processed in total

