
SUMMARISING RUN PARAMETERS
==========================
Input filename: Mock_2_trimmed_1.fastq.gz
Trimming mode: paired-end
Trim Galore version: 0.6.7
Cutadapt version: 3.4
Python version: could not detect
Number of cores used for trimming: 8
Quality Phred score cutoff: 20
Quality encoding type selected: ASCII+33
Using Illumina adapter for trimming (count: 39407). Second best hit was smallRNA (count: 32)
Adapter sequence: 'AGATCGGAAGAGC' (Illumina TruSeq, Sanger iPCR; auto-detected)
Maximum trimming error rate: 0.1 (default)
Minimum required adapter overlap (stringency): 1 bp
Minimum required sequence length for both reads before a sequence pair gets removed: 20 bp
Running FastQC on the data once trimming has completed
Running FastQC with the following extra arguments: -t 12
Output file will be GZIP compressed


This is cutadapt 3.4 with Python 3.9.6
Command line parameters: -j 8 -e 0.1 -q 20 -O 1 -a AGATCGGAAGAGC Mock_2_trimmed_1.fastq.gz
Processing reads on 8 cores in single-end mode ...
Finished in 104.22 s (4 µs/read; 15.01 M reads/minute).

=== Summary ===

Total reads processed:              26,065,976
Reads with adapters:                 9,283,118 (35.6%)
Reads written (passing filters):    26,065,976 (100.0%)

Total basepairs processed: 3,907,129,516 bp
Quality-trimmed:               7,075,744 bp (0.2%)
Total written (filtered):  3,847,432,432 bp (98.5%)

=== Adapter 1 ===

Sequence: AGATCGGAAGAGC; Type: regular 3'; Length: 13; Trimmed: 9283118 times

No. of allowed errors:
1-9 bp: 0; 10-13 bp: 1

Bases preceding removed adapters:
  A: 27.3%
  C: 35.0%
  G: 21.0%
  T: 16.7%
  none/other: 0.0%

Overview of removed sequences
length	count	expect	max.err	error counts
1	5654954	6516494.0	0	5654954
2	1747291	1629123.5	0	1747291
3	475445	407280.9	0	475445
4	126414	101820.2	0	126414
5	53703	25455.1	0	53703
6	32258	6363.8	0	32258
7	28935	1590.9	0	28935
8	27379	397.7	0	27379
9	27328	99.4	0	26592 736
10	27012	24.9	1	25828 1184
11	26766	6.2	1	25558 1208
12	26652	1.6	1	25605 1047
13	26476	0.4	1	25378 1098
14	26469	0.4	1	25307 1162
15	25861	0.4	1	24742 1119
16	24461	0.4	1	23445 1016
17	23617	0.4	1	22558 1059
18	22432	0.4	1	21497 935
19	21867	0.4	1	20946 921
20	21220	0.4	1	20304 916
21	21441	0.4	1	20526 915
22	21325	0.4	1	20437 888
23	20865	0.4	1	19989 876
24	21161	0.4	1	20274 887
25	21138	0.4	1	20235 903
26	20155	0.4	1	19275 880
27	19573	0.4	1	18689 884
28	18423	0.4	1	17539 884
29	17384	0.4	1	16613 771
30	17075	0.4	1	16362 713
31	17110	0.4	1	16369 741
32	17074	0.4	1	16307 767
33	17242	0.4	1	16529 713
34	17315	0.4	1	16537 778
35	17240	0.4	1	16524 716
36	16677	0.4	1	15982 695
37	15829	0.4	1	15123 706
38	15263	0.4	1	14566 697
39	14336	0.4	1	13697 639
40	13841	0.4	1	13210 631
41	14053	0.4	1	13427 626
42	14133	0.4	1	13404 729
43	15853	0.4	1	14863 990
44	23260	0.4	1	22148 1112
45	19875	0.4	1	18795 1080
46	24477	0.4	1	23854 623
47	10403	0.4	1	7258 3145
48	92706	0.4	1	90939 1767
49	26627	0.4	1	25934 693
50	12228	0.4	1	11818 410
51	8335	0.4	1	6883 1452
52	44120	0.4	1	43493 627
53	6260	0.4	1	5889 371
54	8867	0.4	1	8588 279
55	5638	0.4	1	5319 319
56	6104	0.4	1	5951 153
57	3097	0.4	1	2854 243
58	5921	0.4	1	5308 613
59	17803	0.4	1	17502 301
60	3560	0.4	1	3134 426
61	11709	0.4	1	11537 172
62	954	0.4	1	879 75
63	1273	0.4	1	1066 207
64	5739	0.4	1	4948 791
65	20181	0.4	1	19917 264
66	1156	0.4	1	1083 73
67	830	0.4	1	681 149
68	3270	0.4	1	3069 201
69	4752	0.4	1	4398 354
70	8553	0.4	1	8147 406
71	8918	0.4	1	8593 325
72	5635	0.4	1	5455 180
73	2633	0.4	1	2438 195
74	4377	0.4	1	4145 232
75	5713	0.4	1	5460 253
76	6468	0.4	1	6209 259
77	6249	0.4	1	5992 257
78	5726	0.4	1	5529 197
79	4728	0.4	1	4577 151
80	2630	0.4	1	2587 43
81	349	0.4	1	331 18
82	61	0.4	1	36 25
83	20	0.4	1	14 6
84	31	0.4	1	4 27
85	27	0.4	1	6 21
86	16	0.4	1	4 12
87	12	0.4	1	3 9
88	16	0.4	1	1 15
89	13	0.4	1	2 11
90	16	0.4	1	3 13
91	13	0.4	1	2 11
92	10	0.4	1	1 9
93	13	0.4	1	0 13
94	13	0.4	1	1 12
95	10	0.4	1	1 9
96	8	0.4	1	0 8
97	11	0.4	1	1 10
98	9	0.4	1	0 9
99	12	0.4	1	2 10
100	14	0.4	1	1 13
101	9	0.4	1	1 8
102	13	0.4	1	0 13
103	9	0.4	1	2 7
104	17	0.4	1	2 15
105	11	0.4	1	2 9
106	12	0.4	1	0 12
107	16	0.4	1	0 16
108	19	0.4	1	1 18
109	13	0.4	1	0 13
110	25	0.4	1	0 25
111	8	0.4	1	0 8
112	10	0.4	1	0 10
113	14	0.4	1	0 14
114	7	0.4	1	0 7
115	4	0.4	1	0 4
116	34	0.4	1	1 33
117	13	0.4	1	0 13
118	9	0.4	1	0 9
119	19	0.4	1	0 19
120	17	0.4	1	2 15
121	21	0.4	1	0 21
122	20	0.4	1	1 19
123	24	0.4	1	0 24
124	18	0.4	1	1 17
125	8	0.4	1	0 8
126	8	0.4	1	0 8
127	15	0.4	1	0 15
128	27	0.4	1	2 25
129	14	0.4	1	0 14
130	11	0.4	1	0 11
131	16	0.4	1	1 15
132	14	0.4	1	0 14
133	16	0.4	1	0 16
134	10	0.4	1	0 10
135	11	0.4	1	0 11
136	10	0.4	1	1 9
137	14	0.4	1	0 14
138	8	0.4	1	0 8
139	7	0.4	1	0 7
140	4	0.4	1	0 4
141	8	0.4	1	0 8
142	4	0.4	1	0 4
143	7	0.4	1	0 7
144	11	0.4	1	0 11
145	7	0.4	1	0 7
146	7	0.4	1	0 7
147	10	0.4	1	0 10
148	3	0.4	1	0 3
149	2	0.4	1	0 2
150	9	0.4	1	0 9

RUN STATISTICS FOR INPUT FILE: Mock_2_trimmed_1.fastq.gz
=============================================
26065976 sequences processed in total

