
SUMMARISING RUN PARAMETERS
==========================
Input filename: Q65R_2_trimmed_1.fastq.gz
Trimming mode: paired-end
Trim Galore version: 0.6.7
Cutadapt version: 3.4
Python version: could not detect
Number of cores used for trimming: 8
Quality Phred score cutoff: 20
Quality encoding type selected: ASCII+33
Using Illumina adapter for trimming (count: 33384). Second best hit was smallRNA (count: 42)
Adapter sequence: 'AGATCGGAAGAGC' (Illumina TruSeq, Sanger iPCR; auto-detected)
Maximum trimming error rate: 0.1 (default)
Minimum required adapter overlap (stringency): 1 bp
Minimum required sequence length for both reads before a sequence pair gets removed: 20 bp
Running FastQC on the data once trimming has completed
Running FastQC with the following extra arguments: -t 12
Output file will be GZIP compressed


This is cutadapt 3.4 with Python 3.9.6
Command line parameters: -j 8 -e 0.1 -q 20 -O 1 -a AGATCGGAAGAGC Q65R_2_trimmed_1.fastq.gz
Processing reads on 8 cores in single-end mode ...
Finished in 104.24 s (4 µs/read; 15.23 M reads/minute).

=== Summary ===

Total reads processed:              26,455,294
Reads with adapters:                 9,290,759 (35.1%)
Reads written (passing filters):    26,455,294 (100.0%)

Total basepairs processed: 3,964,388,751 bp
Quality-trimmed:               7,278,882 bp (0.2%)
Total written (filtered):  3,910,587,898 bp (98.6%)

=== Adapter 1 ===

Sequence: AGATCGGAAGAGC; Type: regular 3'; Length: 13; Trimmed: 9290759 times

No. of allowed errors:
1-9 bp: 0; 10-13 bp: 1

Bases preceding removed adapters:
  A: 27.8%
  C: 34.5%
  G: 20.6%
  T: 17.1%
  none/other: 0.0%

Overview of removed sequences
length	count	expect	max.err	error counts
1	5843748	6613823.5	0	5843748
2	1781876	1653455.9	0	1781876
3	476084	413364.0	0	476084
4	121368	103341.0	0	121368
5	46747	25835.2	0	46747
6	25011	6458.8	0	25011
7	22284	1614.7	0	22284
8	21494	403.7	0	21494
9	21091	100.9	0	20633 458
10	20907	25.2	1	20093 814
11	20928	6.3	1	20136 792
12	20428	1.6	1	19797 631
13	20445	0.4	1	19788 657
14	20288	0.4	1	19670 618
15	19865	0.4	1	19219 646
16	19344	0.4	1	18720 624
17	18482	0.4	1	17897 585
18	17457	0.4	1	16945 512
19	17412	0.4	1	16906 506
20	17282	0.4	1	16699 583
21	17197	0.4	1	16659 538
22	17090	0.4	1	16574 516
23	16977	0.4	1	16474 503
24	16970	0.4	1	16465 505
25	16975	0.4	1	16438 537
26	16295	0.4	1	15786 509
27	15753	0.4	1	15239 514
28	15262	0.4	1	14727 535
29	14359	0.4	1	13934 425
30	14031	0.4	1	13565 466
31	13814	0.4	1	13381 433
32	14233	0.4	1	13798 435
33	14049	0.4	1	13633 416
34	14363	0.4	1	13871 492
35	14277	0.4	1	13785 492
36	13629	0.4	1	13213 416
37	13283	0.4	1	12887 396
38	12578	0.4	1	12184 394
39	12331	0.4	1	11952 379
40	11999	0.4	1	11598 401
41	11424	0.4	1	11004 420
42	11939	0.4	1	11511 428
43	12735	0.4	1	12089 646
44	20347	0.4	1	19589 758
45	16750	0.4	1	16035 715
46	20909	0.4	1	20542 367
47	8780	0.4	1	6411 2369
48	113890	0.4	1	112152 1738
49	27018	0.4	1	26377 641
50	13535	0.4	1	13267 268
51	5393	0.4	1	4458 935
52	42183	0.4	1	41587 596
53	6196	0.4	1	6045 151
54	3674	0.4	1	3548 126
55	3726	0.4	1	3615 111
56	2767	0.4	1	2711 56
57	924	0.4	1	823 101
58	3992	0.4	1	3740 252
59	10695	0.4	1	10546 149
60	1188	0.4	1	970 218
61	7542	0.4	1	7433 109
62	409	0.4	1	373 36
63	432	0.4	1	330 102
64	4487	0.4	1	3890 597
65	18921	0.4	1	18610 311
66	1241	0.4	1	1175 66
67	683	0.4	1	606 77
68	1481	0.4	1	1367 114
69	2690	0.4	1	2537 153
70	5060	0.4	1	4866 194
71	5348	0.4	1	5189 159
72	3440	0.4	1	3313 127
73	2524	0.4	1	2367 157
74	4142	0.4	1	3986 156
75	5006	0.4	1	4847 159
76	5355	0.4	1	5186 169
77	5092	0.4	1	4937 155
78	4391	0.4	1	4278 113
79	3517	0.4	1	3444 73
80	1801	0.4	1	1762 39
81	226	0.4	1	207 19
82	38	0.4	1	26 12
83	24	0.4	1	11 13
84	28	0.4	1	7 21
85	17	0.4	1	2 15
86	28	0.4	1	2 26
87	25	0.4	1	4 21
88	22	0.4	1	3 19
89	17	0.4	1	3 14
90	13	0.4	1	1 12
91	7	0.4	1	0 7
92	11	0.4	1	3 8
93	12	0.4	1	0 12
94	9	0.4	1	0 9
95	13	0.4	1	0 13
96	10	0.4	1	0 10
97	14	0.4	1	0 14
98	22	0.4	1	0 22
99	12	0.4	1	0 12
100	7	0.4	1	1 6
101	8	0.4	1	3 5
102	17	0.4	1	3 14
103	6	0.4	1	0 6
104	14	0.4	1	1 13
105	5	0.4	1	0 5
106	5	0.4	1	0 5
107	9	0.4	1	4 5
108	17	0.4	1	0 17
109	18	0.4	1	1 17
110	18	0.4	1	0 18
111	11	0.4	1	1 10
112	7	0.4	1	1 6
113	21	0.4	1	1 20
114	10	0.4	1	1 9
115	7	0.4	1	0 7
116	12	0.4	1	1 11
117	18	0.4	1	0 18
118	5	0.4	1	0 5
119	9	0.4	1	0 9
120	19	0.4	1	0 19
121	12	0.4	1	0 12
122	20	0.4	1	0 20
123	19	0.4	1	0 19
124	5	0.4	1	0 5
125	12	0.4	1	0 12
126	7	0.4	1	0 7
127	19	0.4	1	1 18
128	22	0.4	1	0 22
129	12	0.4	1	0 12
130	13	0.4	1	0 13
131	14	0.4	1	0 14
132	9	0.4	1	0 9
133	15	0.4	1	0 15
134	20	0.4	1	1 19
135	12	0.4	1	0 12
136	10	0.4	1	0 10
137	13	0.4	1	0 13
138	7	0.4	1	0 7
139	10	0.4	1	0 10
140	6	0.4	1	0 6
141	18	0.4	1	0 18
142	9	0.4	1	0 9
143	6	0.4	1	0 6
144	5	0.4	1	0 5
145	6	0.4	1	0 6
146	5	0.4	1	0 5
147	10	0.4	1	0 10
148	2	0.4	1	0 2
149	3	0.4	1	0 3
150	14	0.4	1	0 14

RUN STATISTICS FOR INPUT FILE: Q65R_2_trimmed_1.fastq.gz
=============================================
26455294 sequences processed in total

