
SUMMARISING RUN PARAMETERS
==========================
Input filename: vpr_1_trimmed_1.fastq.gz
Trimming mode: paired-end
Trim Galore version: 0.6.7
Cutadapt version: 3.4
Python version: could not detect
Number of cores used for trimming: 8
Quality Phred score cutoff: 20
Quality encoding type selected: ASCII+33
Using Illumina adapter for trimming (count: 22613). Second best hit was smallRNA (count: 48)
Adapter sequence: 'AGATCGGAAGAGC' (Illumina TruSeq, Sanger iPCR; auto-detected)
Maximum trimming error rate: 0.1 (default)
Minimum required adapter overlap (stringency): 1 bp
Minimum required sequence length for both reads before a sequence pair gets removed: 20 bp
Running FastQC on the data once trimming has completed
Running FastQC with the following extra arguments: -t 12
Output file will be GZIP compressed


This is cutadapt 3.4 with Python 3.9.6
Command line parameters: -j 8 -e 0.1 -q 20 -O 1 -a AGATCGGAAGAGC vpr_1_trimmed_1.fastq.gz
Processing reads on 8 cores in single-end mode ...
Finished in 122.06 s (4 µs/read; 15.77 M reads/minute).

=== Summary ===

Total reads processed:              32,086,978
Reads with adapters:                11,132,368 (34.7%)
Reads written (passing filters):    32,086,978 (100.0%)

Total basepairs processed: 4,809,484,012 bp
Quality-trimmed:               7,580,101 bp (0.2%)
Total written (filtered):  4,759,565,676 bp (99.0%)

=== Adapter 1 ===

Sequence: AGATCGGAAGAGC; Type: regular 3'; Length: 13; Trimmed: 11132368 times

No. of allowed errors:
1-9 bp: 0; 10-13 bp: 1

Bases preceding removed adapters:
  A: 29.0%
  C: 33.7%
  G: 19.8%
  T: 17.5%
  none/other: 0.0%

Overview of removed sequences
length	count	expect	max.err	error counts
1	7338841	8021744.5	0	7338841
2	2200220	2005436.1	0	2200220
3	587214	501359.0	0	587214
4	142499	125339.8	0	142499
5	47370	31334.9	0	47370
6	20116	7833.7	0	20116
7	16993	1958.4	0	16993
8	16633	489.6	0	16633
9	16313	122.4	0	15800 513
10	16376	30.6	1	15545 831
11	16142	7.7	1	15473 669
12	15937	1.9	1	15408 529
13	15731	0.5	1	15216 515
14	15422	0.5	1	14945 477
15	15467	0.5	1	14930 537
16	15052	0.5	1	14603 449
17	14689	0.5	1	14238 451
18	13911	0.5	1	13479 432
19	13487	0.5	1	13040 447
20	13285	0.5	1	12836 449
21	13403	0.5	1	12942 461
22	13329	0.5	1	12936 393
23	13044	0.5	1	12628 416
24	13400	0.5	1	12957 443
25	13095	0.5	1	12643 452
26	12838	0.5	1	12409 429
27	12819	0.5	1	12362 457
28	12313	0.5	1	11876 437
29	11646	0.5	1	11252 394
30	11082	0.5	1	10758 324
31	11483	0.5	1	11116 367
32	11312	0.5	1	10910 402
33	11402	0.5	1	11027 375
34	11780	0.5	1	11350 430
35	11504	0.5	1	11120 384
36	11145	0.5	1	10791 354
37	10883	0.5	1	10558 325
38	10173	0.5	1	9834 339
39	10118	0.5	1	9751 367
40	9805	0.5	1	9456 349
41	9893	0.5	1	9551 342
42	10504	0.5	1	10068 436
43	10866	0.5	1	10286 580
44	16776	0.5	1	16199 577
45	11633	0.5	1	10975 658
46	23806	0.5	1	23391 415
47	6266	0.5	1	5488 778
48	33011	0.5	1	31906 1105
49	35178	0.5	1	33968 1210
50	37540	0.5	1	36988 552
51	6698	0.5	1	5593 1105
52	50535	0.5	1	49492 1043
53	23375	0.5	1	23142 233
54	2271	0.5	1	2109 162
55	4757	0.5	1	4636 121
56	2380	0.5	1	2305 75
57	977	0.5	1	930 47
58	1526	0.5	1	1397 129
59	4266	0.5	1	4176 90
60	871	0.5	1	704 167
61	4032	0.5	1	3944 88
62	420	0.5	1	376 44
63	306	0.5	1	228 78
64	2261	0.5	1	1986 275
65	9757	0.5	1	9561 196
66	2027	0.5	1	1974 53
67	710	0.5	1	652 58
68	648	0.5	1	586 62
69	1211	0.5	1	1124 87
70	2268	0.5	1	2157 111
71	1982	0.5	1	1899 83
72	1948	0.5	1	1852 96
73	1924	0.5	1	1798 126
74	2950	0.5	1	2831 119
75	3626	0.5	1	3498 128
76	3685	0.5	1	3557 128
77	3322	0.5	1	3210 112
78	3093	0.5	1	2992 101
79	2220	0.5	1	2163 57
80	1218	0.5	1	1182 36
81	213	0.5	1	201 12
82	46	0.5	1	31 15
83	22	0.5	1	7 15
84	32	0.5	1	6 26
85	17	0.5	1	3 14
86	26	0.5	1	0 26
87	13	0.5	1	0 13
88	29	0.5	1	0 29
89	18	0.5	1	1 17
90	15	0.5	1	1 14
91	18	0.5	1	0 18
92	8	0.5	1	0 8
93	23	0.5	1	1 22
94	19	0.5	1	1 18
95	17	0.5	1	0 17
96	15	0.5	1	0 15
97	31	0.5	1	1 30
98	14	0.5	1	2 12
99	18	0.5	1	0 18
100	16	0.5	1	1 15
101	9	0.5	1	0 9
102	26	0.5	1	2 24
103	13	0.5	1	1 12
104	10	0.5	1	1 9
105	11	0.5	1	3 8
106	16	0.5	1	3 13
107	10	0.5	1	0 10
108	20	0.5	1	0 20
109	12	0.5	1	1 11
110	16	0.5	1	0 16
111	9	0.5	1	0 9
112	24	0.5	1	1 23
113	17	0.5	1	1 16
114	9	0.5	1	0 9
115	12	0.5	1	1 11
116	13	0.5	1	3 10
117	13	0.5	1	2 11
118	27	0.5	1	2 25
119	14	0.5	1	0 14
120	29	0.5	1	1 28
121	25	0.5	1	2 23
122	17	0.5	1	1 16
123	32	0.5	1	1 31
124	11	0.5	1	1 10
125	14	0.5	1	0 14
126	15	0.5	1	1 14
127	5	0.5	1	0 5
128	19	0.5	1	0 19
129	21	0.5	1	1 20
130	18	0.5	1	0 18
131	14	0.5	1	1 13
132	14	0.5	1	0 14
133	27	0.5	1	0 27
134	20	0.5	1	0 20
135	17	0.5	1	0 17
136	24	0.5	1	0 24
137	18	0.5	1	0 18
138	13	0.5	1	1 12
139	13	0.5	1	0 13
140	13	0.5	1	0 13
141	20	0.5	1	0 20
142	12	0.5	1	0 12
143	8	0.5	1	1 7
144	7	0.5	1	0 7
145	7	0.5	1	0 7
146	4	0.5	1	0 4
147	13	0.5	1	0 13
148	1	0.5	1	0 1
150	17	0.5	1	0 17

RUN STATISTICS FOR INPUT FILE: vpr_1_trimmed_1.fastq.gz
=============================================
32086978 sequences processed in total

