
SUMMARISING RUN PARAMETERS
==========================
Input filename: WT_2_trimmed_1.fastq.gz
Trimming mode: paired-end
Trim Galore version: 0.6.7
Cutadapt version: 3.4
Python version: could not detect
Number of cores used for trimming: 8
Quality Phred score cutoff: 20
Quality encoding type selected: ASCII+33
Using Illumina adapter for trimming (count: 99344). Second best hit was smallRNA (count: 28)
Adapter sequence: 'AGATCGGAAGAGC' (Illumina TruSeq, Sanger iPCR; auto-detected)
Maximum trimming error rate: 0.1 (default)
Minimum required adapter overlap (stringency): 1 bp
Minimum required sequence length for both reads before a sequence pair gets removed: 20 bp
Running FastQC on the data once trimming has completed
Running FastQC with the following extra arguments: -t 12
Output file will be GZIP compressed


This is cutadapt 3.4 with Python 3.9.6
Command line parameters: -j 8 -e 0.1 -q 20 -O 1 -a AGATCGGAAGAGC WT_2_trimmed_1.fastq.gz
Processing reads on 8 cores in single-end mode ...
Finished in 90.33 s (4 µs/read; 15.16 M reads/minute).

=== Summary ===

Total reads processed:              22,821,262
Reads with adapters:                 9,611,713 (42.1%)
Reads written (passing filters):    22,821,262 (100.0%)

Total basepairs processed: 3,420,980,019 bp
Quality-trimmed:               6,698,582 bp (0.2%)
Total written (filtered):  3,320,375,367 bp (97.1%)

=== Adapter 1 ===

Sequence: AGATCGGAAGAGC; Type: regular 3'; Length: 13; Trimmed: 9611713 times

No. of allowed errors:
1-9 bp: 0; 10-13 bp: 1

Bases preceding removed adapters:
  A: 24.1%
  C: 35.1%
  G: 24.0%
  T: 16.7%
  none/other: 0.0%

Overview of removed sequences
length	count	expect	max.err	error counts
1	4469177	5705315.5	0	4469177
2	1442607	1426328.9	0	1442607
3	466991	356582.2	0	466991
4	179504	89145.6	0	179504
5	121519	22286.4	0	121519
6	101496	5571.6	0	101496
7	93849	1392.9	0	93849
8	90173	348.2	0	90173
9	88345	87.1	0	86763 1582
10	86985	21.8	1	83934 3051
11	85505	5.4	1	82236 3269
12	85052	1.4	1	81592 3460
13	83778	0.3	1	80122 3656
14	82947	0.3	1	79356 3591
15	79496	0.3	1	76043 3453
16	75597	0.3	1	72311 3286
17	72238	0.3	1	69090 3148
18	67269	0.3	1	64420 2849
19	64694	0.3	1	61890 2804
20	63305	0.3	1	60668 2637
21	62852	0.3	1	60030 2822
22	61674	0.3	1	59067 2607
23	61058	0.3	1	58426 2632
24	60378	0.3	1	57828 2550
25	58456	0.3	1	55906 2550
26	56462	0.3	1	54022 2440
27	52980	0.3	1	50450 2530
28	49170	0.3	1	46938 2232
29	46396	0.3	1	44314 2082
30	44923	0.3	1	43000 1923
31	44093	0.3	1	42195 1898
32	44759	0.3	1	42809 1950
33	43790	0.3	1	41909 1881
34	44119	0.3	1	42279 1840
35	42549	0.3	1	40674 1875
36	40375	0.3	1	38564 1811
37	37929	0.3	1	36298 1631
38	36055	0.3	1	34420 1635
39	33540	0.3	1	32124 1416
40	32120	0.3	1	30629 1491
41	31503	0.3	1	30104 1399
42	31557	0.3	1	29991 1566
43	33331	0.3	1	31348 1983
44	44861	0.3	1	42909 1952
45	34898	0.3	1	33028 1870
46	43335	0.3	1	42333 1002
47	15192	0.3	1	12039 3153
48	87513	0.3	1	85356 2157
49	34871	0.3	1	33842 1029
50	18752	0.3	1	17953 799
51	17820	0.3	1	15778 2042
52	58041	0.3	1	57099 942
53	11646	0.3	1	10928 718
54	19707	0.3	1	19034 673
55	14307	0.3	1	13673 634
56	15894	0.3	1	15365 529
57	10200	0.3	1	9644 556
58	12763	0.3	1	11541 1222
59	31502	0.3	1	30821 681
60	9725	0.3	1	8821 904
61	22732	0.3	1	22353 379
62	3775	0.3	1	3564 211
63	3726	0.3	1	3373 353
64	10403	0.3	1	9090 1313
65	36340	0.3	1	35797 543
66	3975	0.3	1	3827 148
67	1612	0.3	1	1330 282
68	7094	0.3	1	6703 391
69	8532	0.3	1	7922 610
70	15457	0.3	1	14877 580
71	12595	0.3	1	12245 350
72	6301	0.3	1	6099 202
73	3248	0.3	1	3036 212
74	5535	0.3	1	5230 305
75	7285	0.3	1	6967 318
76	7968	0.3	1	7643 325
77	7327	0.3	1	7006 321
78	6744	0.3	1	6472 272
79	5388	0.3	1	5227 161
80	3095	0.3	1	3047 48
81	315	0.3	1	301 14
82	35	0.3	1	28 7
83	16	0.3	1	11 5
84	9	0.3	1	5 4
85	17	0.3	1	4 13
86	23	0.3	1	4 19
87	10	0.3	1	0 10
88	11	0.3	1	1 10
89	6	0.3	1	0 6
90	10	0.3	1	1 9
91	9	0.3	1	1 8
92	5	0.3	1	1 4
93	9	0.3	1	0 9
94	12	0.3	1	1 11
95	11	0.3	1	1 10
96	4	0.3	1	0 4
97	11	0.3	1	1 10
98	10	0.3	1	0 10
99	14	0.3	1	0 14
100	5	0.3	1	0 5
101	4	0.3	1	0 4
102	17	0.3	1	0 17
103	9	0.3	1	0 9
104	10	0.3	1	1 9
105	5	0.3	1	0 5
106	9	0.3	1	0 9
107	5	0.3	1	1 4
108	11	0.3	1	1 10
109	6	0.3	1	1 5
110	10	0.3	1	0 10
111	5	0.3	1	0 5
112	9	0.3	1	0 9
113	14	0.3	1	0 14
114	14	0.3	1	1 13
115	8	0.3	1	2 6
116	5	0.3	1	0 5
117	13	0.3	1	0 13
118	8	0.3	1	0 8
119	7	0.3	1	0 7
120	14	0.3	1	0 14
121	12	0.3	1	0 12
122	15	0.3	1	1 14
123	18	0.3	1	0 18
124	2	0.3	1	0 2
125	5	0.3	1	0 5
126	4	0.3	1	0 4
127	9	0.3	1	1 8
128	11	0.3	1	0 11
129	20	0.3	1	0 20
130	3	0.3	1	0 3
131	2	0.3	1	0 2
132	8	0.3	1	0 8
133	12	0.3	1	0 12
134	7	0.3	1	0 7
135	7	0.3	1	0 7
136	9	0.3	1	0 9
137	13	0.3	1	0 13
138	7	0.3	1	0 7
139	7	0.3	1	0 7
140	8	0.3	1	0 8
141	11	0.3	1	0 11
142	6	0.3	1	0 6
143	10	0.3	1	0 10
144	4	0.3	1	0 4
145	5	0.3	1	0 5
146	4	0.3	1	0 4
147	5	0.3	1	0 5
148	4	0.3	1	0 4
150	5	0.3	1	0 5

RUN STATISTICS FOR INPUT FILE: WT_2_trimmed_1.fastq.gz
=============================================
22821262 sequences processed in total

