
SUMMARISING RUN PARAMETERS
==========================
Input filename: WT_3_trimmed_1.fastq.gz
Trimming mode: paired-end
Trim Galore version: 0.6.7
Cutadapt version: 3.4
Python version: could not detect
Number of cores used for trimming: 8
Quality Phred score cutoff: 20
Quality encoding type selected: ASCII+33
Using Illumina adapter for trimming (count: 19227). Second best hit was smallRNA (count: 51)
Adapter sequence: 'AGATCGGAAGAGC' (Illumina TruSeq, Sanger iPCR; auto-detected)
Maximum trimming error rate: 0.1 (default)
Minimum required adapter overlap (stringency): 1 bp
Minimum required sequence length for both reads before a sequence pair gets removed: 20 bp
Running FastQC on the data once trimming has completed
Running FastQC with the following extra arguments: -t 12
Output file will be GZIP compressed


This is cutadapt 3.4 with Python 3.9.6
Command line parameters: -j 8 -e 0.1 -q 20 -O 1 -a AGATCGGAAGAGC WT_3_trimmed_1.fastq.gz
Processing reads on 8 cores in single-end mode ...
Finished in 124.38 s (4 µs/read; 16.05 M reads/minute).

=== Summary ===

Total reads processed:              33,266,375
Reads with adapters:                11,394,284 (34.3%)
Reads written (passing filters):    33,266,375 (100.0%)

Total basepairs processed: 4,986,646,291 bp
Quality-trimmed:               7,053,803 bp (0.1%)
Total written (filtered):  4,938,943,002 bp (99.0%)

=== Adapter 1 ===

Sequence: AGATCGGAAGAGC; Type: regular 3'; Length: 13; Trimmed: 11394284 times

No. of allowed errors:
1-9 bp: 0; 10-13 bp: 1

Bases preceding removed adapters:
  A: 28.9%
  C: 34.0%
  G: 19.6%
  T: 17.5%
  none/other: 0.0%

Overview of removed sequences
length	count	expect	max.err	error counts
1	7600703	8316593.8	0	7600703
2	2266807	2079148.4	0	2266807
3	602219	519787.1	0	602219
4	144325	129946.8	0	144325
5	46862	32486.7	0	46862
6	18354	8121.7	0	18354
7	15082	2030.4	0	15082
8	14765	507.6	0	14765
9	14677	126.9	0	14135 542
10	14652	31.7	1	13767 885
11	14510	7.9	1	13645 865
12	14011	2.0	1	13357 654
13	13770	0.5	1	13140 630
14	13904	0.5	1	13301 603
15	13793	0.5	1	13134 659
16	13430	0.5	1	12844 586
17	12652	0.5	1	12047 605
18	12274	0.5	1	11713 561
19	12156	0.5	1	11607 549
20	12243	0.5	1	11673 570
21	12098	0.5	1	11554 544
22	11776	0.5	1	11267 509
23	11613	0.5	1	11110 503
24	11934	0.5	1	11405 529
25	11645	0.5	1	11104 541
26	11437	0.5	1	10916 521
27	11115	0.5	1	10588 527
28	10914	0.5	1	10381 533
29	10521	0.5	1	10045 476
30	10228	0.5	1	9753 475
31	10062	0.5	1	9599 463
32	10259	0.5	1	9760 499
33	10154	0.5	1	9700 454
34	10438	0.5	1	9941 497
35	10354	0.5	1	9808 546
36	10006	0.5	1	9543 463
37	9712	0.5	1	9289 423
38	9320	0.5	1	8858 462
39	9030	0.5	1	8626 404
40	8856	0.5	1	8439 417
41	8915	0.5	1	8472 443
42	9432	0.5	1	8901 531
43	9480	0.5	1	8804 676
44	13633	0.5	1	13034 599
45	10163	0.5	1	9590 573
46	12060	0.5	1	11600 460
47	9837	0.5	1	7250 2587
48	65563	0.5	1	64094 1469
49	18718	0.5	1	18245 473
50	7657	0.5	1	7377 280
51	5761	0.5	1	4990 771
52	20608	0.5	1	20283 325
53	2984	0.5	1	2683 301
54	7598	0.5	1	7415 183
55	2146	0.5	1	1941 205
56	4229	0.5	1	4123 106
57	2334	0.5	1	2152 182
58	4275	0.5	1	3708 567
59	14411	0.5	1	14192 219
60	2446	0.5	1	2067 379
61	9672	0.5	1	9532 140
62	465	0.5	1	403 62
63	874	0.5	1	721 153
64	4197	0.5	1	3414 783
65	16519	0.5	1	16226 293
66	1113	0.5	1	1056 57
67	427	0.5	1	325 102
68	2081	0.5	1	1918 163
69	3161	0.5	1	2914 247
70	6006	0.5	1	5650 356
71	7079	0.5	1	6810 269
72	4036	0.5	1	3915 121
73	1453	0.5	1	1311 142
74	2571	0.5	1	2404 167
75	3192	0.5	1	3025 167
76	3668	0.5	1	3501 167
77	3640	0.5	1	3482 158
78	3446	0.5	1	3288 158
79	2801	0.5	1	2695 106
80	1686	0.5	1	1640 46
81	232	0.5	1	221 11
82	34	0.5	1	16 18
83	32	0.5	1	10 22
84	25	0.5	1	1 24
85	23	0.5	1	1 22
86	23	0.5	1	2 21
87	22	0.5	1	0 22
88	16	0.5	1	1 15
89	11	0.5	1	0 11
90	28	0.5	1	0 28
91	8	0.5	1	1 7
92	7	0.5	1	0 7
93	25	0.5	1	0 25
94	18	0.5	1	0 18
95	19	0.5	1	0 19
96	12	0.5	1	0 12
97	29	0.5	1	1 28
98	15	0.5	1	2 13
99	20	0.5	1	2 18
100	22	0.5	1	4 18
101	14	0.5	1	2 12
102	21	0.5	1	0 21
103	19	0.5	1	0 19
104	31	0.5	1	1 30
105	9	0.5	1	1 8
106	14	0.5	1	1 13
107	7	0.5	1	1 6
108	7	0.5	1	0 7
109	11	0.5	1	1 10
110	25	0.5	1	0 25
111	14	0.5	1	0 14
112	14	0.5	1	1 13
113	19	0.5	1	1 18
114	16	0.5	1	0 16
115	11	0.5	1	0 11
116	23	0.5	1	1 22
117	5	0.5	1	0 5
118	15	0.5	1	0 15
119	25	0.5	1	0 25
120	10	0.5	1	0 10
121	19	0.5	1	1 18
122	20	0.5	1	0 20
123	20	0.5	1	1 19
124	11	0.5	1	0 11
125	11	0.5	1	0 11
126	15	0.5	1	1 14
127	6	0.5	1	0 6
128	13	0.5	1	1 12
129	12	0.5	1	0 12
130	16	0.5	1	0 16
131	16	0.5	1	0 16
132	8	0.5	1	0 8
133	22	0.5	1	0 22
134	7	0.5	1	0 7
135	14	0.5	1	0 14
136	17	0.5	1	2 15
137	19	0.5	1	0 19
138	10	0.5	1	0 10
139	13	0.5	1	0 13
140	2	0.5	1	0 2
141	20	0.5	1	1 19
142	11	0.5	1	0 11
143	10	0.5	1	0 10
144	6	0.5	1	0 6
145	12	0.5	1	0 12
146	5	0.5	1	0 5
147	11	0.5	1	0 11
148	2	0.5	1	0 2
149	1	0.5	1	0 1
150	6	0.5	1	0 6

RUN STATISTICS FOR INPUT FILE: WT_3_trimmed_1.fastq.gz
=============================================
33266375 sequences processed in total

