Sample	0	1	2	3	4	5	6	7	8	9	10	11	12	13	14	15	16	17	18	19	20	21	22	23	24	25	26
D1_1	(150, 44169917.0)																										
D1_1_val_1	(20, 2735.0)	(25, 2774.0)	(30, 3028.0)	(35, 3925.0)	(40, 6869.0)	(45, 9829.0)	(50, 17123.0)	(55, 23239.0)	(60, 39467.0)	(65, 44618.0)	(70, 69648.0)	(75, 76196.0)	(80, 102269.0)	(85, 114480.0)	(90, 141276.0)	(95, 176353.0)	(100, 218930.0)	(105, 265795.0)	(110, 296793.0)	(115, 345130.0)	(120, 380526.0)	(125, 479152.0)	(130, 534017.0)	(135, 659618.0)	(140, 727696.0)	(145, 12650505.0)	(150, 26737215.0)
D1_2	(150, 44169917.0)																										
D1_2_val_2	(20, 4929.0)	(25, 4331.0)	(30, 4291.0)	(35, 4949.0)	(40, 7706.0)	(45, 10593.0)	(50, 17963.0)	(55, 23290.0)	(60, 39697.0)	(65, 44813.0)	(70, 69626.0)	(75, 76196.0)	(80, 102585.0)	(85, 114880.0)	(90, 141479.0)	(95, 176539.0)	(100, 219001.0)	(105, 265997.0)	(110, 296443.0)	(115, 345152.0)	(120, 380929.0)	(125, 479482.0)	(130, 534488.0)	(135, 661285.0)	(140, 733776.0)	(145, 14226502.0)	(150, 25142284.0)
D2_1	(150, 41147325.0)																										
D2_1_val_1	(20, 3307.0)	(25, 3009.0)	(30, 3212.0)	(35, 4235.0)	(40, 7675.0)	(45, 11400.0)	(50, 20604.0)	(55, 28492.0)	(60, 51119.0)	(65, 59486.0)	(70, 95641.0)	(75, 106029.0)	(80, 147454.0)	(85, 167256.0)	(90, 210877.0)	(95, 249711.0)	(100, 294971.0)	(105, 354169.0)	(110, 399342.0)	(115, 489325.0)	(120, 539134.0)	(125, 664003.0)	(130, 720435.0)	(135, 875371.0)	(140, 943148.0)	(145, 11362614.0)	(150, 23291768.0)
D2_2	(150, 41147325.0)																										
D2_2_val_2	(20, 5221.0)	(25, 4356.0)	(30, 4561.0)	(35, 5112.0)	(40, 8582.0)	(45, 12197.0)	(50, 21387.0)	(55, 28695.0)	(60, 51470.0)	(65, 59706.0)	(70, 95561.0)	(75, 106055.0)	(80, 147801.0)	(85, 167560.0)	(90, 211198.0)	(95, 250011.0)	(100, 294996.0)	(105, 354344.0)	(110, 399547.0)	(115, 489583.0)	(120, 539545.0)	(125, 663942.0)	(130, 720849.0)	(135, 877018.0)	(140, 948982.0)	(145, 12713353.0)	(150, 21922155.0)
D3_1	(150, 45760059.0)																										
D3_1_val_1	(20, 2523.0)	(25, 2470.0)	(30, 2615.0)	(35, 3140.0)	(40, 5198.0)	(45, 7098.0)	(50, 12488.0)	(55, 17924.0)	(60, 32518.0)	(65, 38830.0)	(70, 63749.0)	(75, 74646.0)	(80, 107094.0)	(85, 125257.0)	(90, 171402.0)	(95, 224944.0)	(100, 283803.0)	(105, 353381.0)	(110, 412776.0)	(115, 509380.0)	(120, 575472.0)	(125, 730602.0)	(130, 811717.0)	(135, 1009418.0)	(140, 1095270.0)	(145, 12845245.0)	(150, 26205189.0)
D3_2	(150, 45760059.0)																										
D3_2_val_2	(20, 4575.0)	(25, 3749.0)	(30, 3747.0)	(35, 3983.0)	(40, 5673.0)	(45, 7599.0)	(50, 13151.0)	(55, 17873.0)	(60, 32640.0)	(65, 38912.0)	(70, 63729.0)	(75, 74759.0)	(80, 107246.0)	(85, 125521.0)	(90, 171382.0)	(95, 224874.0)	(100, 283710.0)	(105, 353373.0)	(110, 412686.0)	(115, 509594.0)	(120, 575728.0)	(125, 730485.0)	(130, 812387.0)	(135, 1011199.0)	(140, 1101168.0)	(145, 14370790.0)	(150, 24663616.0)
D4_1	(150, 34131858.0)																										
D4_1_val_1	(20, 2499.0)	(25, 2279.0)	(30, 2453.0)	(35, 3182.0)	(40, 5577.0)	(45, 8053.0)	(50, 14935.0)	(55, 20891.0)	(60, 38121.0)	(65, 44911.0)	(70, 72859.0)	(75, 82442.0)	(80, 115500.0)	(85, 132835.0)	(90, 168554.0)	(95, 200519.0)	(100, 240258.0)	(105, 288936.0)	(110, 329824.0)	(115, 401609.0)	(120, 449517.0)	(125, 551216.0)	(130, 606938.0)	(135, 736273.0)	(140, 796676.0)	(145, 9481412.0)	(150, 19301744.0)
D4_2	(150, 34131858.0)																										
D4_2_val_2	(20, 3887.0)	(25, 3262.0)	(30, 3452.0)	(35, 4058.0)	(40, 6292.0)	(45, 8709.0)	(50, 15543.0)	(55, 21019.0)	(60, 38346.0)	(65, 45224.0)	(70, 73042.0)	(75, 82426.0)	(80, 115868.0)	(85, 133097.0)	(90, 168819.0)	(95, 200770.0)	(100, 240282.0)	(105, 289178.0)	(110, 329701.0)	(115, 401955.0)	(120, 449818.0)	(125, 551333.0)	(130, 607545.0)	(135, 737848.0)	(140, 802603.0)	(145, 10632590.0)	(150, 18133346.0)
D5_1	(150, 46424882.0)																										
D5_1_val_1	(20, 2744.0)	(25, 2605.0)	(30, 2699.0)	(35, 3650.0)	(40, 5948.0)	(45, 8509.0)	(50, 15904.0)	(55, 21911.0)	(60, 40849.0)	(65, 50080.0)	(70, 83243.0)	(75, 95521.0)	(80, 138778.0)	(85, 163133.0)	(90, 214472.0)	(95, 262112.0)	(100, 321309.0)	(105, 396620.0)	(110, 464640.0)	(115, 580337.0)	(120, 658594.0)	(125, 819456.0)	(130, 910323.0)	(135, 1112045.0)	(140, 1207287.0)	(145, 12914332.0)	(150, 25885233.0)
D5_2	(150, 46424882.0)																										
D5_2_val_2	(20, 4921.0)	(25, 4187.0)	(30, 4372.0)	(35, 5053.0)	(40, 7064.0)	(45, 9599.0)	(50, 16937.0)	(55, 22453.0)	(60, 41606.0)	(65, 50677.0)	(70, 83585.0)	(75, 95989.0)	(80, 139386.0)	(85, 163964.0)	(90, 214881.0)	(95, 262892.0)	(100, 321624.0)	(105, 397099.0)	(110, 464725.0)	(115, 581083.0)	(120, 659345.0)	(125, 819792.0)	(130, 911340.0)	(135, 1114316.0)	(140, 1215501.0)	(145, 14379296.0)	(150, 24390647.0)
D6_1	(150, 45178447.0)																										
D6_1_val_1	(20, 2379.0)	(25, 2667.0)	(30, 2684.0)	(35, 3352.0)	(40, 5075.0)	(45, 7309.0)	(50, 12646.0)	(55, 18601.0)	(60, 35620.0)	(65, 45330.0)	(70, 80748.0)	(75, 98918.0)	(80, 150378.0)	(85, 186336.0)	(90, 255213.0)	(95, 326203.0)	(100, 413011.0)	(105, 527802.0)	(110, 634661.0)	(115, 808697.0)	(120, 936179.0)	(125, 1175971.0)	(130, 1311143.0)	(135, 1601982.0)	(140, 1720435.0)	(145, 12055234.0)	(150, 22724524.0)
D6_2	(150, 45178447.0)																										
D6_2_val_2	(20, 4037.0)	(25, 3532.0)	(30, 3486.0)	(35, 3928.0)	(40, 5628.0)	(45, 7588.0)	(50, 13161.0)	(55, 18435.0)	(60, 35544.0)	(65, 45278.0)	(70, 80518.0)	(75, 98683.0)	(80, 150465.0)	(85, 186610.0)	(90, 255155.0)	(95, 326286.0)	(100, 412518.0)	(105, 527635.0)	(110, 634259.0)	(115, 808654.0)	(120, 936207.0)	(125, 1176397.0)	(130, 1311384.0)	(135, 1603608.0)	(140, 1725366.0)	(145, 13420036.0)	(150, 21348700.0)
D7_1	(150, 46424193.0)																										
D7_1_val_1	(20, 3566.0)	(25, 3435.0)	(30, 3675.0)	(35, 4629.0)	(40, 8467.0)	(45, 11754.0)	(50, 20948.0)	(55, 28627.0)	(60, 50614.0)	(65, 58354.0)	(70, 92992.0)	(75, 102103.0)	(80, 141201.0)	(85, 160685.0)	(90, 201146.0)	(95, 236173.0)	(100, 277595.0)	(105, 331302.0)	(110, 374978.0)	(115, 453852.0)	(120, 501536.0)	(125, 610063.0)	(130, 667066.0)	(135, 807805.0)	(140, 881063.0)	(145, 13202236.0)	(150, 27136914.0)
D7_2	(150, 46424193.0)																										
D7_2_val_2	(20, 5613.0)	(25, 4758.0)	(30, 4986.0)	(35, 5729.0)	(40, 9208.0)	(45, 12735.0)	(50, 21687.0)	(55, 28847.0)	(60, 51073.0)	(65, 58550.0)	(70, 92956.0)	(75, 102292.0)	(80, 141490.0)	(85, 161211.0)	(90, 201462.0)	(95, 236728.0)	(100, 277573.0)	(105, 331794.0)	(110, 375208.0)	(115, 454330.0)	(120, 502101.0)	(125, 610314.0)	(130, 668421.0)	(135, 810138.0)	(140, 888076.0)	(145, 14667509.0)	(150, 25647990.0)
D8_1	(150, 31264138.0)																										
D8_1_val_1	(20, 2746.0)	(25, 2404.0)	(30, 2428.0)	(35, 2990.0)	(40, 5520.0)	(45, 7852.0)	(50, 13998.0)	(55, 19138.0)	(60, 34414.0)	(65, 39604.0)	(70, 63408.0)	(75, 70432.0)	(80, 97636.0)	(85, 110440.0)	(90, 138424.0)	(95, 162090.0)	(100, 190484.0)	(105, 224068.0)	(110, 253796.0)	(115, 305470.0)	(120, 339566.0)	(125, 409324.0)	(130, 451892.0)	(135, 548088.0)	(140, 598282.0)	(145, 8890474.0)	(150, 18247804.0)
D8_2	(150, 31264138.0)																										
D8_2_val_2	(20, 4232.0)	(25, 3552.0)	(30, 3480.0)	(35, 3952.0)	(40, 6140.0)	(45, 8636.0)	(50, 14490.0)	(55, 19268.0)	(60, 34628.0)	(65, 39896.0)	(70, 63646.0)	(75, 70392.0)	(80, 97784.0)	(85, 110464.0)	(90, 138414.0)	(95, 162088.0)	(100, 190262.0)	(105, 224432.0)	(110, 253912.0)	(115, 305754.0)	(120, 340068.0)	(125, 409670.0)	(130, 452756.0)	(135, 549468.0)	(140, 602860.0)	(145, 9874018.0)	(150, 17248510.0)
D9_1	(150, 45919571.0)																										
D9_1_val_1	(20, 3661.0)	(25, 3182.0)	(30, 4214.0)	(35, 6390.0)	(40, 13930.0)	(45, 20448.0)	(50, 35924.0)	(55, 44307.0)	(60, 71220.0)	(65, 75561.0)	(70, 108995.0)	(75, 115137.0)	(80, 147732.0)	(85, 165571.0)	(90, 200061.0)	(95, 238098.0)	(100, 273101.0)	(105, 332354.0)	(110, 374304.0)	(115, 461565.0)	(120, 509686.0)	(125, 632003.0)	(130, 691838.0)	(135, 848245.0)	(140, 918887.0)	(145, 12937778.0)	(150, 26629764.0)
D9_2	(150, 45919571.0)																										
D9_2_val_2	(20, 5458.0)	(25, 4347.0)	(30, 5129.0)	(35, 7355.0)	(40, 14656.0)	(45, 21170.0)	(50, 36787.0)	(55, 44450.0)	(60, 71644.0)	(65, 75878.0)	(70, 109076.0)	(75, 115451.0)	(80, 148243.0)	(85, 166293.0)	(90, 200693.0)	(95, 238825.0)	(100, 273646.0)	(105, 333060.0)	(110, 374971.0)	(115, 462661.0)	(120, 510922.0)	(125, 633221.0)	(130, 694244.0)	(135, 851679.0)	(140, 928484.0)	(145, 14475586.0)	(150, 25060027.0)
