Sample	total_reads	avg_input_read_length	uniquely_mapped	uniquely_mapped_percent	avg_mapped_read_length	num_splices	num_annotated_splices	num_GTAG_splices	num_GCAG_splices	num_ATAC_splices	num_noncanonical_splices	mismatch_rate	deletion_rate	deletion_length	insertion_rate	insertion_length	multimapped	multimapped_percent	multimapped_toomany	multimapped_toomany_percent	unmapped_mismatches_percent	unmapped_tooshort_percent	unmapped_other_percent	unmapped_mismatches	unmapped_tooshort	unmapped_other	mapped_percent	mapped
D1	44169917.0	300.0	39784637.0	90.07	295.97	58702755.0	58667864.0	57878885.0	711629.0	70726.0	41515.0	0.18	0.01	2.35	0.01	2.07	1907221.0	4.32	12627.0	0.03	0.0	5.54	0.04	0	2447759	17673	94.38999999999999	41691858.0
D2	41147325.0	300.0	36077726.0	87.68	294.32	52949035.0	52916904.0	52196851.0	654438.0	63206.0	34540.0	0.19	0.01	2.37	0.01	2.09	1785650.0	4.34	12630.0	0.03	0.0	7.9	0.05	0	3250745	20574	92.02000000000001	37863376.0
D3	45760059.0	300.0	40497647.0	88.5	294.53	59312497.0	59276529.0	58486197.0	713319.0	72707.0	40274.0	0.18	0.01	2.35	0.01	2.11	2021550.0	4.42	14336.0	0.03	0.0	7.01	0.05	0	3203675	22851	92.92	42519197.0
D4	34131858.0	300.0	29945896.0	87.74	294.38	42355049.0	42330212.0	41779438.0	498124.0	48699.0	28788.0	0.19	0.01	2.36	0.01	2.07	1461189.0	4.28	12604.0	0.04	0.0	7.89	0.06	0	2691700	20469	92.02	31407085.0
D5	46424882.0	300.0	40584782.0	87.42	294.0	57175077.0	57141613.0	56411472.0	658309.0	67362.0	37934.0	0.19	0.01	2.38	0.01	2.08	2045221.0	4.41	18731.0	0.04	0.0	8.09	0.04	0	3757569	18579	91.83	42630003.0
D6	45178447.0	300.0	38396604.0	84.99	291.48	53677787.0	53645154.0	52977151.0	601452.0	62735.0	36449.0	0.19	0.01	2.36	0.01	2.06	2018338.0	4.47	20284.0	0.04	0.0	10.45	0.05	0	4720634	22587	89.46	40414942.0
D7	46424193.0	300.0	41152738.0	88.65	295.29	57204154.0	57170762.0	56464945.0	634270.0	67634.0	37305.0	0.19	0.01	2.37	0.01	2.06	1976039.0	4.26	15787.0	0.03	0.0	7.01	0.06	0	3251796	27833	92.91000000000001	43128777.0
D8	31264138.0	300.0	27763412.0	88.8	295.25	38576128.0	38556102.0	38075370.0	429214.0	45360.0	26184.0	0.2	0.01	2.37	0.01	2.05	1279872.0	4.09	10796.0	0.03	0.0	7.01	0.06	0	2191302	18756	92.89	29043284.0
D9	45919571.0	300.0	40600452.0	88.42	295.15	56427044.0	56394969.0	55697792.0	626734.0	65935.0	36583.0	0.19	0.01	2.36	0.01	2.05	1966752.0	4.28	15635.0	0.03	0.0	7.21	0.06	0	3309194	27538	92.7	42567204.0
