Sample	Total reads	Aligned	Uniq aligned	Multimapped	Avg. read len	Avg. mapped len	Splices	Annotated splices	GT/AG splices	GC/AG splices	AT/AC splices	Non-canonical splices	Mismatch rate	Del rate	Del len	Ins rate	Ins len
D1	44.169917	94.38999999999999	90.07	1.9072209999999998	300.0	295.97	58.702754999999996	58.667863999999994	57.878885	0.711629	0.070726	0.041514999999999996	0.18	0.01	2.35	0.01	2.07
D2	41.147324999999995	92.02000000000001	87.68	1.78565	300.0	294.32	52.949034999999995	52.916903999999995	52.196850999999995	0.654438	0.063206	0.03454	0.19	0.01	2.37	0.01	2.09
D3	45.760059	92.92	88.5	2.02155	300.0	294.53	59.312497	59.276529	58.486197	0.7133189999999999	0.072707	0.040274	0.18	0.01	2.35	0.01	2.11
D4	34.131858	92.02	87.74	1.4611889999999998	300.0	294.38	42.355049	42.330211999999996	41.779438	0.49812399999999996	0.048699	0.028787999999999998	0.19	0.01	2.36	0.01	2.07
D5	46.424882	91.83	87.42	2.0452209999999997	300.0	294.0	57.175076999999995	57.141613	56.411471999999996	0.6583089999999999	0.06736199999999999	0.037933999999999996	0.19	0.01	2.38	0.01	2.08
D6	45.178447	89.46	84.99	2.018338	300.0	291.48	53.677786999999995	53.645154	52.977151	0.601452	0.062735	0.036448999999999995	0.19	0.01	2.36	0.01	2.06
D7	46.424192999999995	92.91000000000001	88.65	1.9760389999999999	300.0	295.29	57.204153999999996	57.170761999999996	56.464945	0.63427	0.067634	0.037305	0.19	0.01	2.37	0.01	2.06
D8	31.264138	92.89	88.8	1.279872	300.0	295.25	38.576128	38.556101999999996	38.07537	0.429214	0.04536	0.026184	0.2	0.01	2.37	0.01	2.05
D9	45.919571	92.7	88.42	1.9667519999999998	300.0	295.15	56.427043999999995	56.394968999999996	55.697792	0.626734	0.065935	0.036583	0.19	0.01	2.36	0.01	2.05
