
SUMMARISING RUN PARAMETERS
==========================
Input filename: D1_1.fastq.gz
Trimming mode: paired-end
Trim Galore version: 0.6.10
Cutadapt version: 5.2
Python version: could not detect
Number of cores used for trimming: 8
Quality Phred score cutoff: 20
Quality encoding type selected: ASCII+33
Using Illumina adapter for trimming (count: 82722). Second best hit was smallRNA (count: 12)
Adapter sequence: 'AGATCGGAAGAGC' (Illumina TruSeq, Sanger iPCR; auto-detected)
Maximum trimming error rate: 0.1 (default)
Minimum required adapter overlap (stringency): 1 bp
Minimum required sequence length for both reads before a sequence pair gets removed: 20 bp
Running FastQC on the data once trimming has completed
Running FastQC with the following extra arguments: -t 12
Output file will be GZIP compressed


This is cutadapt 5.2 with Python 3.9.23
Command line parameters: -j 8 -e 0.1 -q 20 -O 1 -a AGATCGGAAGAGC D1_1.fastq.gz
Processing single-end reads on 8 cores ...

=== Summary ===

Total reads processed:              44,169,917
Reads with adapters:                17,209,651 (39.0%)
Reads written (passing filters):    44,169,917 (100.0%)

Total basepairs processed: 6,625,487,550 bp
Quality-trimmed:               9,860,879 bp (0.1%)
Total written (filtered):  6,456,474,602 bp (97.4%)

=== Adapter 1 ===

Sequence: AGATCGGAAGAGC; Type: regular 3'; Length: 13; Trimmed: 17209651 times

Minimum overlap: 1
No. of allowed errors:
1-9 bp: 0; 10-13 bp: 1

Bases preceding removed adapters:
  A: 22.4%
  C: 38.7%
  G: 24.2%
  T: 14.7%
  none/other: 0.1%

Overview of removed sequences
length	count	expect	max.err	error counts
1	8232991	11042479.2	0	8232991
2	2937469	2760619.8	0	2937469
3	855413	690155.0	0	855413
4	307815	172538.7	0	307815
5	197721	43134.7	0	197721
6	158038	10783.7	0	158038
7	146133	2695.9	0	146133
8	139290	674.0	0	139290
9	136638	168.5	0	134129 2509
10	136565	42.1	1	132994 3571
11	133599	10.5	1	130131 3468
12	134655	2.6	1	131093 3562
13	132218	0.7	1	128530 3688
14	129682	0.7	1	126027 3655
15	123719	0.7	1	120195 3524
16	116261	0.7	1	113001 3260
17	110097	0.7	1	107000 3097
18	104037	0.7	1	101153 2884
19	100661	0.7	1	97819 2842
20	98187	0.7	1	95327 2860
21	96686	0.7	1	93859 2827
22	97538	0.7	1	94971 2567
23	95946	0.7	1	93276 2670
24	94820	0.7	1	92222 2598
25	90574	0.7	1	87857 2717
26	86125	0.7	1	83718 2407
27	79069	0.7	1	76906 2163
28	74038	0.7	1	71953 2085
29	70082	0.7	1	68114 1968
30	67870	0.7	1	66012 1858
31	66762	0.7	1	64908 1854
32	68003	0.7	1	66047 1956
33	69233	0.7	1	67275 1958
34	70122	0.7	1	68113 2009
35	68212	0.7	1	66303 1909
36	65998	0.7	1	63667 2331
37	69669	0.7	1	67708 1961
38	52049	0.7	1	50491 1558
39	54496	0.7	1	52941 1555
40	52824	0.7	1	51316 1508
41	51578	0.7	1	49995 1583
42	51585	0.7	1	50121 1464
43	53012	0.7	1	51093 1919
44	68539	0.7	1	66459 2080
45	56864	0.7	1	54848 2016
46	71482	0.7	1	70137 1345
47	35122	0.7	1	31583 3539
48	149771	0.7	1	146501 3270
49	122817	0.7	1	118841 3976
50	153398	0.7	1	152233 1165
51	23087	0.7	1	21212 1875
52	82982	0.7	1	82258 724
53	23083	0.7	1	22792 291
54	6587	0.7	1	6403 184
55	4092	0.7	1	3888 204
56	2715	0.7	1	2610 105
57	1375	0.7	1	1071 304
58	6161	0.7	1	5607 554
59	17702	0.7	1	17449 253
60	4062	0.7	1	3719 343
61	11049	0.7	1	10868 181
62	2745	0.7	1	2627 118
63	1605	0.7	1	1382 223
64	8934	0.7	1	8458 476
65	20144	0.7	1	19860 284
66	6610	0.7	1	6490 120
67	1127	0.7	1	1010 117
68	1086	0.7	1	931 155
69	3189	0.7	1	3021 168
70	4813	0.7	1	4660 153
71	3297	0.7	1	3178 119
72	1963	0.7	1	1842 121
73	2901	0.7	1	2705 196
74	8440	0.7	1	8108 332
75	12849	0.7	1	12260 589
76	13796	0.7	1	13375 421
77	14183	0.7	1	13706 477
78	13058	0.7	1	12629 429
79	11495	0.7	1	11189 306
80	10088	0.7	1	9801 287
81	9073	0.7	1	8834 239
82	8452	0.7	1	8198 254
83	7742	0.7	1	7473 269
84	7647	0.7	1	7393 254
85	7759	0.7	1	7467 292
86	7984	0.7	1	7719 265
87	8133	0.7	1	7767 366
88	7540	0.7	1	7254 286
89	6506	0.7	1	6305 201
90	5767	0.7	1	5556 211
91	5221	0.7	1	4894 327
92	4412	0.7	1	4195 217
93	3862	0.7	1	3674 188
94	3483	0.7	1	3248 235
95	3285	0.7	1	3057 228
96	3304	0.7	1	3156 148
97	3227	0.7	1	3090 137
98	3161	0.7	1	3046 115
99	2698	0.7	1	2610 88
100	2301	0.7	1	2219 82
101	1976	0.7	1	1899 77
102	1756	0.7	1	1678 78
103	1463	0.7	1	1364 99
104	1278	0.7	1	1190 88
105	1184	0.7	1	1024 160
106	1100	0.7	1	987 113
107	1069	0.7	1	954 115
108	1117	0.7	1	992 125
109	875	0.7	1	820 55
110	743	0.7	1	678 65
111	599	0.7	1	514 85
112	488	0.7	1	433 55
113	419	0.7	1	354 65
114	379	0.7	1	270 109
115	326	0.7	1	255 71
116	342	0.7	1	267 75
117	335	0.7	1	267 68
118	346	0.7	1	285 61
119	346	0.7	1	261 85
120	268	0.7	1	194 74
121	288	0.7	1	215 73
122	287	0.7	1	216 71
123	295	0.7	1	228 67
124	364	0.7	1	240 124
125	340	0.7	1	259 81
126	413	0.7	1	313 100
127	391	0.7	1	317 74
128	388	0.7	1	298 90
129	553	0.7	1	413 140
130	504	0.7	1	422 82
131	541	0.7	1	463 78
132	509	0.7	1	435 74
133	635	0.7	1	584 51
134	526	0.7	1	468 58
135	542	0.7	1	497 45
136	642	0.7	1	574 68
137	434	0.7	1	394 40
138	549	0.7	1	520 29
139	432	0.7	1	395 37
140	413	0.7	1	367 46
141	474	0.7	1	387 87
142	413	0.7	1	292 121
143	299	0.7	1	236 63
144	290	0.7	1	187 103
145	346	0.7	1	259 87
146	207	0.7	1	175 32
147	405	0.7	1	337 68
148	157	0.7	1	130 27
149	82	0.7	1	30 52
150	9275	0.7	1	63 9212

RUN STATISTICS FOR INPUT FILE: D1_1.fastq.gz
=============================================
44169917 sequences processed in total

