
SUMMARISING RUN PARAMETERS
==========================
Input filename: D1_2.fastq.gz
Trimming mode: paired-end
Trim Galore version: 0.6.10
Cutadapt version: 5.2
Python version: could not detect
Number of cores used for trimming: 8
Quality Phred score cutoff: 20
Quality encoding type selected: ASCII+33
Using Illumina adapter for trimming (count: 82722). Second best hit was smallRNA (count: 12)
Adapter sequence: 'AGATCGGAAGAGC' (Illumina TruSeq, Sanger iPCR; auto-detected)
Maximum trimming error rate: 0.1 (default)
Minimum required adapter overlap (stringency): 1 bp
Minimum required sequence length for both reads before a sequence pair gets removed: 20 bp
Running FastQC on the data once trimming has completed
Running FastQC with the following extra arguments: -t 12
Output file will be GZIP compressed


This is cutadapt 5.2 with Python 3.9.23
Command line parameters: -j 8 -e 0.1 -q 20 -O 1 -a AGATCGGAAGAGC D1_2.fastq.gz
Processing single-end reads on 8 cores ...

=== Summary ===

Total reads processed:              44,169,917
Reads with adapters:                18,772,732 (42.5%)
Reads written (passing filters):    44,169,917 (100.0%)

Total basepairs processed: 6,625,487,550 bp
Quality-trimmed:              14,471,843 bp (0.2%)
Total written (filtered):  6,451,261,996 bp (97.4%)

=== Adapter 1 ===

Sequence: AGATCGGAAGAGC; Type: regular 3'; Length: 13; Trimmed: 18772732 times

Minimum overlap: 1
No. of allowed errors:
1-9 bp: 0; 10-13 bp: 1

Bases preceding removed adapters:
  A: 26.9%
  C: 34.3%
  G: 27.6%
  T: 11.3%
  none/other: 0.0%

Overview of removed sequences
length	count	expect	max.err	error counts
1	9163547	11042479.2	0	9163547
2	3210166	2760619.8	0	3210166
3	1161743	690155.0	0	1161743
4	369299	172538.7	0	369299
5	208838	43134.7	0	208838
6	161099	10783.7	0	161099
7	146520	2695.9	0	146520
8	139087	674.0	0	139087
9	136657	168.5	0	132669 3988
10	138106	42.1	1	132094 6012
11	134198	10.5	1	128299 5899
12	137631	2.6	1	131895 5736
13	129700	0.7	1	124192 5508
14	130214	0.7	1	124318 5896
15	124513	0.7	1	119082 5431
16	114813	0.7	1	109576 5237
17	110438	0.7	1	105452 4986
18	105054	0.7	1	99901 5153
19	118706	0.7	1	113337 5369
20	106708	0.7	1	102534 4174
21	79505	0.7	1	75610 3895
22	94313	0.7	1	90121 4192
23	96083	0.7	1	91564 4519
24	111917	0.7	1	106982 4935
25	81542	0.7	1	77759 3783
26	86851	0.7	1	82594 4257
27	100484	0.7	1	96647 3837
28	67761	0.7	1	64478 3283
29	75667	0.7	1	72502 3165
30	70610	0.7	1	67494 3116
31	64811	0.7	1	62014 2797
32	69135	0.7	1	65385 3750
33	107293	0.7	1	104229 3064
34	57916	0.7	1	54996 2920
35	68089	0.7	1	62004 6085
36	211903	0.7	1	208800 3103
37	40615	0.7	1	37587 3028
38	87466	0.7	1	85620 1846
39	29279	0.7	1	27140 2139
40	46379	0.7	1	44954 1425
41	23010	0.7	1	21420 1590
42	33988	0.7	1	31962 2026
43	51847	0.7	1	50139 1708
44	36491	0.7	1	33220 3271
45	99581	0.7	1	97877 1704
46	20813	0.7	1	19327 1486
47	28027	0.7	1	25983 2044
48	52054	0.7	1	50600 1454
49	27663	0.7	1	26319 1344
50	28950	0.7	1	27744 1206
51	29393	0.7	1	27740 1653
52	44995	0.7	1	44098 897
53	8966	0.7	1	7634 1332
54	35996	0.7	1	34560 1436
55	35265	0.7	1	34162 1103
56	19366	0.7	1	17758 1608
57	43675	0.7	1	41965 1710
58	43213	0.7	1	42268 945
59	16217	0.7	1	15395 822
60	13728	0.7	1	13079 649
61	11566	0.7	1	10541 1025
62	28073	0.7	1	27544 529
63	6392	0.7	1	5458 934
64	22118	0.7	1	21502 616
65	9272	0.7	1	8525 747
66	14172	0.7	1	13381 791
67	19088	0.7	1	18468 620
68	9138	0.7	1	8643 495
69	6454	0.7	1	5616 838
70	18772	0.7	1	18398 374
71	2978	0.7	1	2441 537
72	11851	0.7	1	11309 542
73	12574	0.7	1	11941 633
74	15586	0.7	1	14842 744
75	16073	0.7	1	15756 317
76	5392	0.7	1	4957 435
77	6273	0.7	1	5786 487
78	10572	0.7	1	10046 526
79	10515	0.7	1	10068 447
80	9607	0.7	1	9155 452
81	8659	0.7	1	8267 392
82	8108	0.7	1	7731 377
83	7562	0.7	1	7212 350
84	7562	0.7	1	7220 342
85	7586	0.7	1	7233 353
86	7870	0.7	1	7478 392
87	7912	0.7	1	7538 374
88	7510	0.7	1	7162 348
89	6461	0.7	1	6204 257
90	5772	0.7	1	5491 281
91	5145	0.7	1	4882 263
92	4390	0.7	1	4181 209
93	3841	0.7	1	3661 180
94	3394	0.7	1	3219 175
95	3221	0.7	1	3049 172
96	3345	0.7	1	3144 201
97	3316	0.7	1	3098 218
98	3199	0.7	1	2982 217
99	2740	0.7	1	2560 180
100	2366	0.7	1	2238 128
101	2025	0.7	1	1899 126
102	1768	0.7	1	1662 106
103	1484	0.7	1	1370 114
104	1335	0.7	1	1223 112
105	1138	0.7	1	1038 100
106	1089	0.7	1	979 110
107	1094	0.7	1	988 106
108	1079	0.7	1	990 89
109	895	0.7	1	827 68
110	762	0.7	1	696 66
111	586	0.7	1	541 45
112	536	0.7	1	455 81
113	439	0.7	1	388 51
114	386	0.7	1	288 98
115	332	0.7	1	273 59
116	361	0.7	1	295 66
117	338	0.7	1	282 56
118	358	0.7	1	311 47
119	324	0.7	1	276 48
120	274	0.7	1	206 68
121	288	0.7	1	233 55
122	310	0.7	1	243 67
123	298	0.7	1	243 55
124	339	0.7	1	252 87
125	341	0.7	1	283 58
126	394	0.7	1	315 79
127	411	0.7	1	325 86
128	373	0.7	1	305 68
129	488	0.7	1	426 62
130	506	0.7	1	420 86
131	551	0.7	1	471 80
132	514	0.7	1	436 78
133	658	0.7	1	591 67
134	525	0.7	1	473 52
135	540	0.7	1	493 47
136	658	0.7	1	560 98
137	441	0.7	1	393 48
138	588	0.7	1	512 76
139	461	0.7	1	405 56
140	414	0.7	1	371 43
141	461	0.7	1	381 80
142	349	0.7	1	296 53
143	279	0.7	1	237 42
144	221	0.7	1	191 30
145	319	0.7	1	252 67
146	209	0.7	1	171 38
147	509	0.7	1	315 194
148	186	0.7	1	121 65
149	53	0.7	1	25 28
150	126	0.7	1	62 64

RUN STATISTICS FOR INPUT FILE: D1_2.fastq.gz
=============================================
44169917 sequences processed in total

Total number of sequences analysed for the sequence pair length validation: 44169917

Number of sequence pairs removed because at least one read was shorter than the length cutoff (20 bp): 40711 (0.09%)
