
SUMMARISING RUN PARAMETERS
==========================
Input filename: D2_1.fastq.gz
Trimming mode: paired-end
Trim Galore version: 0.6.10
Cutadapt version: 5.2
Python version: could not detect
Number of cores used for trimming: 8
Quality Phred score cutoff: 20
Quality encoding type selected: ASCII+33
Using Illumina adapter for trimming (count: 120280). Second best hit was smallRNA (count: 11)
Adapter sequence: 'AGATCGGAAGAGC' (Illumina TruSeq, Sanger iPCR; auto-detected)
Maximum trimming error rate: 0.1 (default)
Minimum required adapter overlap (stringency): 1 bp
Minimum required sequence length for both reads before a sequence pair gets removed: 20 bp
Running FastQC on the data once trimming has completed
Running FastQC with the following extra arguments: -t 12
Output file will be GZIP compressed


This is cutadapt 5.2 with Python 3.9.23
Command line parameters: -j 8 -e 0.1 -q 20 -O 1 -a AGATCGGAAGAGC D2_1.fastq.gz
Processing single-end reads on 8 cores ...

=== Summary ===

Total reads processed:              41,147,325
Reads with adapters:                17,651,772 (42.9%)
Reads written (passing filters):    41,147,325 (100.0%)

Total basepairs processed: 6,172,098,750 bp
Quality-trimmed:              12,018,831 bp (0.2%)
Total written (filtered):  5,949,318,421 bp (96.4%)

=== Adapter 1 ===

Sequence: AGATCGGAAGAGC; Type: regular 3'; Length: 13; Trimmed: 17651772 times

Minimum overlap: 1
No. of allowed errors:
1-9 bp: 0; 10-13 bp: 1

Bases preceding removed adapters:
  A: 21.2%
  C: 38.8%
  G: 25.4%
  T: 14.6%
  none/other: 0.1%

Overview of removed sequences
length	count	expect	max.err	error counts
1	7233659	10286831.2	0	7233659
2	2623498	2571707.8	0	2623498
3	823535	642927.0	0	823535
4	335291	160731.7	0	335291
5	240805	40182.9	0	240805
6	203445	10045.7	0	203445
7	189492	2511.4	0	189492
8	182462	627.9	0	182462
9	179863	157.0	0	176369 3494
10	177439	39.2	1	172158 5281
11	176259	9.8	1	170799 5460
12	176483	2.5	1	170675 5808
13	177861	0.6	1	171559 6302
14	172934	0.6	1	166953 5981
15	166337	0.6	1	160483 5854
16	156927	0.6	1	151348 5579
17	149167	0.6	1	143708 5459
18	140311	0.6	1	135568 4743
19	135486	0.6	1	130702 4784
20	134078	0.6	1	129402 4676
21	133903	0.6	1	128978 4925
22	133592	0.6	1	128921 4671
23	133851	0.6	1	129048 4803
24	131341	0.6	1	126683 4658
25	127908	0.6	1	123283 4625
26	121039	0.6	1	116861 4178
27	113168	0.6	1	109236 3932
28	105164	0.6	1	101320 3844
29	100590	0.6	1	96949 3641
30	96642	0.6	1	93281 3361
31	96634	0.6	1	93133 3501
32	98372	0.6	1	94807 3565
33	97772	0.6	1	94385 3387
34	98144	0.6	1	94635 3509
35	95709	0.6	1	92323 3386
36	91748	0.6	1	88179 3569
37	85201	0.6	1	82036 3165
38	78709	0.6	1	75899 2810
39	73454	0.6	1	70746 2708
40	69934	0.6	1	67440 2494
41	69890	0.6	1	67326 2564
42	70729	0.6	1	68019 2710
43	72666	0.6	1	69414 3252
44	93280	0.6	1	89734 3546
45	82938	0.6	1	78936 4002
46	113805	0.6	1	111596 2209
47	43804	0.6	1	30658 13146
48	449925	0.6	1	445119 4806
49	99782	0.6	1	96891 2891
50	72503	0.6	1	71407 1096
51	21692	0.6	1	19497 2195
52	72239	0.6	1	71541 698
53	14301	0.6	1	13710 591
54	16412	0.6	1	16164 248
55	3026	0.6	1	2671 355
56	6437	0.6	1	6237 200
57	3019	0.6	1	2494 525
58	13710	0.6	1	12545 1165
59	33396	0.6	1	33008 388
60	5826	0.6	1	5191 635
61	17491	0.6	1	17182 309
62	4280	0.6	1	4101 179
63	2435	0.6	1	1941 494
64	15414	0.6	1	14491 923
65	30985	0.6	1	30468 517
66	11436	0.6	1	11252 184
67	1551	0.6	1	1353 198
68	3339	0.6	1	2988 351
69	9040	0.6	1	8666 374
70	10691	0.6	1	10340 351
71	6963	0.6	1	6787 176
72	3498	0.6	1	3280 218
73	4802	0.6	1	4355 447
74	13475	0.6	1	12931 544
75	19021	0.6	1	18126 895
76	20480	0.6	1	19737 743
77	20270	0.6	1	19510 760
78	18170	0.6	1	17471 699
79	15929	0.6	1	15349 580
80	13788	0.6	1	13278 510
81	12396	0.6	1	11960 436
82	11265	0.6	1	10847 418
83	10590	0.6	1	10193 397
84	10066	0.6	1	9684 382
85	10505	0.6	1	10085 420
86	10915	0.6	1	10512 403
87	10763	0.6	1	10275 488
88	9784	0.6	1	9381 403
89	8593	0.6	1	8260 333
90	7403	0.6	1	7106 297
91	6541	0.6	1	6183 358
92	5633	0.6	1	5337 296
93	4836	0.6	1	4589 247
94	4412	0.6	1	4141 271
95	4209	0.6	1	3930 279
96	4016	0.6	1	3810 206
97	4107	0.6	1	3903 204
98	3761	0.6	1	3607 154
99	3446	0.6	1	3293 153
100	2834	0.6	1	2694 140
101	2515	0.6	1	2362 153
102	2053	0.6	1	1919 134
103	1814	0.6	1	1697 117
104	1498	0.6	1	1381 117
105	1409	0.6	1	1239 170
106	1377	0.6	1	1236 141
107	1314	0.6	1	1187 127
108	1327	0.6	1	1183 144
109	997	0.6	1	905 92
110	837	0.6	1	749 88
111	716	0.6	1	618 98
112	621	0.6	1	528 93
113	468	0.6	1	394 74
114	426	0.6	1	304 122
115	361	0.6	1	240 121
116	386	0.6	1	309 77
117	338	0.6	1	285 53
118	419	0.6	1	351 68
119	407	0.6	1	298 109
120	297	0.6	1	224 73
121	336	0.6	1	239 97
122	308	0.6	1	233 75
123	330	0.6	1	239 91
124	427	0.6	1	276 151
125	425	0.6	1	318 107
126	490	0.6	1	389 101
127	456	0.6	1	361 95
128	511	0.6	1	407 104
129	605	0.6	1	463 142
130	686	0.6	1	596 90
131	669	0.6	1	598 71
132	609	0.6	1	530 79
133	808	0.6	1	728 80
134	637	0.6	1	557 80
135	639	0.6	1	589 50
136	765	0.6	1	693 72
137	535	0.6	1	472 63
138	798	0.6	1	753 45
139	483	0.6	1	440 43
140	473	0.6	1	419 54
141	543	0.6	1	452 91
142	502	0.6	1	343 159
143	364	0.6	1	294 70
144	370	0.6	1	235 135
145	443	0.6	1	321 122
146	267	0.6	1	227 40
147	421	0.6	1	346 75
148	151	0.6	1	112 39
149	107	0.6	1	37 70
150	11314	0.6	1	66 11248

RUN STATISTICS FOR INPUT FILE: D2_1.fastq.gz
=============================================
41147325 sequences processed in total

