
SUMMARISING RUN PARAMETERS
==========================
Input filename: D2_2.fastq.gz
Trimming mode: paired-end
Trim Galore version: 0.6.10
Cutadapt version: 5.2
Python version: could not detect
Number of cores used for trimming: 8
Quality Phred score cutoff: 20
Quality encoding type selected: ASCII+33
Using Illumina adapter for trimming (count: 120280). Second best hit was smallRNA (count: 11)
Adapter sequence: 'AGATCGGAAGAGC' (Illumina TruSeq, Sanger iPCR; auto-detected)
Maximum trimming error rate: 0.1 (default)
Minimum required adapter overlap (stringency): 1 bp
Minimum required sequence length for both reads before a sequence pair gets removed: 20 bp
Running FastQC on the data once trimming has completed
Running FastQC with the following extra arguments: -t 12
Output file will be GZIP compressed


This is cutadapt 5.2 with Python 3.9.23
Command line parameters: -j 8 -e 0.1 -q 20 -O 1 -a AGATCGGAAGAGC D2_2.fastq.gz
Processing single-end reads on 8 cores ...

=== Summary ===

Total reads processed:              41,147,325
Reads with adapters:                18,991,290 (46.2%)
Reads written (passing filters):    41,147,325 (100.0%)

Total basepairs processed: 6,172,098,750 bp
Quality-trimmed:              10,760,516 bp (0.2%)
Total written (filtered):  5,944,997,569 bp (96.3%)

=== Adapter 1 ===

Sequence: AGATCGGAAGAGC; Type: regular 3'; Length: 13; Trimmed: 18991290 times

Minimum overlap: 1
No. of allowed errors:
1-9 bp: 0; 10-13 bp: 1

Bases preceding removed adapters:
  A: 25.2%
  C: 35.4%
  G: 28.6%
  T: 10.8%
  none/other: 0.0%

Overview of removed sequences
length	count	expect	max.err	error counts
1	8025209	10286831.2	0	8025209
2	2863094	2571707.8	0	2863094
3	1089667	642927.0	0	1089667
4	388121	160731.7	0	388121
5	251005	40182.9	0	251005
6	206029	10045.7	0	206029
7	190294	2511.4	0	190294
8	182298	627.9	0	182298
9	180137	157.0	0	175613 4524
10	179021	39.2	1	172029 6992
11	177106	9.8	1	169843 7263
12	180033	2.5	1	172941 7092
13	175158	0.6	1	167853 7305
14	173685	0.6	1	166188 7497
15	167120	0.6	1	160040 7080
16	155415	0.6	1	148617 6798
17	149572	0.6	1	142810 6762
18	141809	0.6	1	135193 6616
19	156931	0.6	1	149840 7091
20	145716	0.6	1	140450 5266
21	110667	0.6	1	105500 5167
22	125382	0.6	1	119874 5508
23	133606	0.6	1	127672 5934
24	142158	0.6	1	135771 6387
25	121685	0.6	1	116252 5433
26	122378	0.6	1	116706 5672
27	141094	0.6	1	135863 5231
28	95930	0.6	1	91482 4448
29	101986	0.6	1	97850 4136
30	96489	0.6	1	92282 4207
31	94262	0.6	1	90387 3875
32	97805	0.6	1	93501 4304
33	104323	0.6	1	99991 4332
34	104464	0.6	1	100557 3907
35	83030	0.6	1	79165 3865
36	100421	0.6	1	96762 3659
37	75025	0.6	1	71411 3614
38	95418	0.6	1	91523 3895
39	95361	0.6	1	92693 2668
40	47263	0.6	1	44618 2645
41	60998	0.6	1	58349 2649
42	61126	0.6	1	58333 2793
43	76126	0.6	1	73302 2824
44	64238	0.6	1	60882 3356
45	96621	0.6	1	93935 2686
46	49271	0.6	1	46826 2445
47	57300	0.6	1	54779 2521
48	58647	0.6	1	56374 2273
49	50425	0.6	1	48456 1969
50	46106	0.6	1	44192 1914
51	46180	0.6	1	44151 2029
52	56185	0.6	1	54518 1667
53	38111	0.6	1	36169 1942
54	51264	0.6	1	49174 2090
55	51181	0.6	1	49224 1957
56	45072	0.6	1	43000 2072
57	50448	0.6	1	48402 2046
58	48237	0.6	1	46601 1636
59	34648	0.6	1	33157 1491
60	34449	0.6	1	33217 1232
61	27934	0.6	1	26735 1199
62	33602	0.6	1	32470 1132
63	24321	0.6	1	23063 1258
64	35670	0.6	1	34420 1250
65	28823	0.6	1	27533 1290
66	31963	0.6	1	30564 1399
67	34259	0.6	1	33066 1193
68	24918	0.6	1	23918 1000
69	19744	0.6	1	18661 1083
70	29223	0.6	1	28489 734
71	12013	0.6	1	11217 796
72	18935	0.6	1	18104 831
73	20310	0.6	1	19435 875
74	23925	0.6	1	22844 1081
75	28563	0.6	1	28098 465
76	9686	0.6	1	8957 729
77	15870	0.6	1	15089 781
78	17413	0.6	1	16704 709
79	15766	0.6	1	15098 668
80	13937	0.6	1	13352 585
81	12474	0.6	1	11985 489
82	11524	0.6	1	11076 448
83	10754	0.6	1	10343 411
84	10262	0.6	1	9837 425
85	10625	0.6	1	10178 447
86	11004	0.6	1	10523 481
87	10739	0.6	1	10277 462
88	9899	0.6	1	9473 426
89	8718	0.6	1	8374 344
90	7516	0.6	1	7172 344
91	6546	0.6	1	6265 281
92	5658	0.6	1	5387 271
93	4846	0.6	1	4613 233
94	4362	0.6	1	4165 197
95	4169	0.6	1	3972 197
96	4091	0.6	1	3843 248
97	4161	0.6	1	3950 211
98	3868	0.6	1	3671 197
99	3499	0.6	1	3317 182
100	2887	0.6	1	2713 174
101	2547	0.6	1	2404 143
102	2115	0.6	1	1995 120
103	1866	0.6	1	1745 121
104	1530	0.6	1	1422 108
105	1379	0.6	1	1265 114
106	1331	0.6	1	1246 85
107	1339	0.6	1	1241 98
108	1304	0.6	1	1208 96
109	1042	0.6	1	964 78
110	864	0.6	1	791 73
111	712	0.6	1	666 46
112	625	0.6	1	569 56
113	476	0.6	1	437 39
114	400	0.6	1	328 72
115	349	0.6	1	290 59
116	404	0.6	1	343 61
117	390	0.6	1	338 52
118	431	0.6	1	378 53
119	369	0.6	1	329 40
120	332	0.6	1	263 69
121	342	0.6	1	275 67
122	339	0.6	1	283 56
123	314	0.6	1	268 46
124	397	0.6	1	300 97
125	415	0.6	1	369 46
126	489	0.6	1	421 68
127	495	0.6	1	405 90
128	503	0.6	1	439 64
129	544	0.6	1	474 70
130	704	0.6	1	604 100
131	688	0.6	1	589 99
132	614	0.6	1	550 64
133	818	0.6	1	742 76
134	629	0.6	1	576 53
135	666	0.6	1	602 64
136	821	0.6	1	704 117
137	537	0.6	1	482 55
138	855	0.6	1	773 82
139	508	0.6	1	444 64
140	476	0.6	1	424 52
141	523	0.6	1	442 81
142	399	0.6	1	345 54
143	335	0.6	1	289 46
144	265	0.6	1	236 29
145	374	0.6	1	311 63
146	277	0.6	1	222 55
147	529	0.6	1	334 195
148	165	0.6	1	107 58
149	74	0.6	1	31 43
150	113	0.6	1	63 50

RUN STATISTICS FOR INPUT FILE: D2_2.fastq.gz
=============================================
41147325 sequences processed in total

Total number of sequences analysed for the sequence pair length validation: 41147325

Number of sequence pairs removed because at least one read was shorter than the length cutoff (20 bp): 43538 (0.11%)
