
SUMMARISING RUN PARAMETERS
==========================
Input filename: D3_2.fastq.gz
Trimming mode: paired-end
Trim Galore version: 0.6.10
Cutadapt version: 5.2
Python version: could not detect
Number of cores used for trimming: 8
Quality Phred score cutoff: 20
Quality encoding type selected: ASCII+33
Using Illumina adapter for trimming (count: 109020). Second best hit was smallRNA (count: 16)
Adapter sequence: 'AGATCGGAAGAGC' (Illumina TruSeq, Sanger iPCR; auto-detected)
Maximum trimming error rate: 0.1 (default)
Minimum required adapter overlap (stringency): 1 bp
Minimum required sequence length for both reads before a sequence pair gets removed: 20 bp
Running FastQC on the data once trimming has completed
Running FastQC with the following extra arguments: -t 12
Output file will be GZIP compressed


This is cutadapt 5.2 with Python 3.9.23
Command line parameters: -j 8 -e 0.1 -q 20 -O 1 -a AGATCGGAAGAGC D3_2.fastq.gz
Processing single-end reads on 8 cores ...

=== Summary ===

Total reads processed:              45,760,059
Reads with adapters:                20,872,020 (45.6%)
Reads written (passing filters):    45,760,059 (100.0%)

Total basepairs processed: 6,864,008,850 bp
Quality-trimmed:              11,454,719 bp (0.2%)
Total written (filtered):  6,647,368,838 bp (96.8%)

=== Adapter 1 ===

Sequence: AGATCGGAAGAGC; Type: regular 3'; Length: 13; Trimmed: 20872020 times

Minimum overlap: 1
No. of allowed errors:
1-9 bp: 0; 10-13 bp: 1

Bases preceding removed adapters:
  A: 25.5%
  C: 35.1%
  G: 28.3%
  T: 11.0%
  none/other: 0.0%

Overview of removed sequences
length	count	expect	max.err	error counts
1	9060598	11440014.8	0	9060598
2	3232565	2860003.7	0	3232565
3	1239271	715000.9	0	1239271
4	450098	178750.2	0	450098
5	293065	44687.6	0	293065
6	240713	11171.9	0	240713
7	222772	2793.0	0	222772
8	211916	698.2	0	211916
9	208513	174.6	0	203122 5391
10	206627	43.6	1	198652 7975
11	204564	10.9	1	196326 8238
12	209190	2.7	1	200807 8383
13	201068	0.7	1	192957 8111
14	200013	0.7	1	191314 8699
15	192073	0.7	1	184134 7939
16	177476	0.7	1	169935 7541
17	168085	0.7	1	160845 7240
18	160547	0.7	1	153413 7134
19	176718	0.7	1	169141 7577
20	160282	0.7	1	154605 5677
21	123298	0.7	1	117649 5649
22	140486	0.7	1	134567 5919
23	147704	0.7	1	140969 6735
24	167891	0.7	1	161325 6566
25	123532	0.7	1	117979 5553
26	131484	0.7	1	125565 5919
27	148768	0.7	1	143511 5257
28	104429	0.7	1	99636 4793
29	110223	0.7	1	105794 4429
30	108895	0.7	1	104695 4200
31	92399	0.7	1	88329 4070
32	105573	0.7	1	100803 4770
33	128588	0.7	1	124581 4007
34	86737	0.7	1	82943 3794
35	91721	0.7	1	86644 5077
36	143192	0.7	1	138590 4602
37	103563	0.7	1	100467 3096
38	60216	0.7	1	57701 2515
39	51585	0.7	1	49099 2486
40	54337	0.7	1	51655 2682
41	67555	0.7	1	64317 3238
42	90201	0.7	1	87045 3156
43	76398	0.7	1	73790 2608
44	60418	0.7	1	56268 4150
45	128752	0.7	1	126445 2307
46	33621	0.7	1	31524 2097
47	44751	0.7	1	42224 2527
48	63486	0.7	1	61579 1907
49	39306	0.7	1	37619 1687
50	40883	0.7	1	39230 1653
51	38379	0.7	1	36294 2085
52	61906	0.7	1	60713 1193
53	17613	0.7	1	15982 1631
54	45125	0.7	1	43275 1850
55	46581	0.7	1	45045 1536
56	29658	0.7	1	27972 1686
57	43742	0.7	1	41941 1801
58	46675	0.7	1	45455 1220
59	26376	0.7	1	25393 983
60	17844	0.7	1	16993 851
61	18445	0.7	1	17214 1231
62	36672	0.7	1	36016 656
63	8944	0.7	1	7925 1019
64	30106	0.7	1	29371 735
65	13148	0.7	1	12265 883
66	18306	0.7	1	17274 1032
67	26019	0.7	1	25242 777
68	11229	0.7	1	10630 599
69	8469	0.7	1	7580 889
70	21560	0.7	1	21157 403
71	3579	0.7	1	3036 543
72	12848	0.7	1	12308 540
73	13364	0.7	1	12752 612
74	16196	0.7	1	15502 694
75	19197	0.7	1	18861 336
76	6597	0.7	1	6198 399
77	6951	0.7	1	6517 434
78	10412	0.7	1	9983 429
79	9894	0.7	1	9479 415
80	8859	0.7	1	8445 414
81	7837	0.7	1	7470 367
82	7394	0.7	1	7064 330
83	6617	0.7	1	6349 268
84	6665	0.7	1	6381 284
85	6549	0.7	1	6256 293
86	6869	0.7	1	6536 333
87	6857	0.7	1	6542 315
88	5910	0.7	1	5651 259
89	5191	0.7	1	4995 196
90	4521	0.7	1	4293 228
91	3872	0.7	1	3649 223
92	3424	0.7	1	3250 174
93	2842	0.7	1	2703 139
94	2581	0.7	1	2430 151
95	2407	0.7	1	2244 163
96	2336	0.7	1	2157 179
97	2327	0.7	1	2166 161
98	2192	0.7	1	2063 129
99	1913	0.7	1	1778 135
100	1640	0.7	1	1532 108
101	1336	0.7	1	1237 99
102	1155	0.7	1	1049 106
103	973	0.7	1	865 108
104	800	0.7	1	722 78
105	775	0.7	1	675 100
106	698	0.7	1	615 83
107	746	0.7	1	672 74
108	697	0.7	1	621 76
109	578	0.7	1	503 75
110	474	0.7	1	416 58
111	375	0.7	1	332 43
112	321	0.7	1	275 46
113	272	0.7	1	243 29
114	282	0.7	1	214 68
115	244	0.7	1	175 69
116	226	0.7	1	167 59
117	260	0.7	1	195 65
118	284	0.7	1	242 42
119	224	0.7	1	181 43
120	237	0.7	1	169 68
121	229	0.7	1	175 54
122	208	0.7	1	169 39
123	234	0.7	1	175 59
124	294	0.7	1	208 86
125	316	0.7	1	254 62
126	350	0.7	1	272 78
127	388	0.7	1	294 94
128	417	0.7	1	322 95
129	369	0.7	1	301 68
130	515	0.7	1	445 70
131	517	0.7	1	445 72
132	478	0.7	1	405 73
133	567	0.7	1	486 81
134	444	0.7	1	373 71
135	493	0.7	1	435 58
136	552	0.7	1	466 86
137	401	0.7	1	344 57
138	538	0.7	1	469 69
139	361	0.7	1	303 58
140	336	0.7	1	295 41
141	378	0.7	1	307 71
142	260	0.7	1	225 35
143	256	0.7	1	218 38
144	205	0.7	1	174 31
145	283	0.7	1	208 75
146	202	0.7	1	158 44
147	415	0.7	1	253 162
148	124	0.7	1	74 50
149	54	0.7	1	25 29
150	95	0.7	1	44 51

RUN STATISTICS FOR INPUT FILE: D3_2.fastq.gz
=============================================
45760059 sequences processed in total

Total number of sequences analysed for the sequence pair length validation: 45760059

Number of sequence pairs removed because at least one read was shorter than the length cutoff (20 bp): 35910 (0.08%)
