
SUMMARISING RUN PARAMETERS
==========================
Input filename: D5_1.fastq.gz
Trimming mode: paired-end
Trim Galore version: 0.6.10
Cutadapt version: 5.2
Python version: could not detect
Number of cores used for trimming: 8
Quality Phred score cutoff: 20
Quality encoding type selected: ASCII+33
Using Illumina adapter for trimming (count: 122701). Second best hit was smallRNA (count: 4)
Adapter sequence: 'AGATCGGAAGAGC' (Illumina TruSeq, Sanger iPCR; auto-detected)
Maximum trimming error rate: 0.1 (default)
Minimum required adapter overlap (stringency): 1 bp
Minimum required sequence length for both reads before a sequence pair gets removed: 20 bp
Running FastQC on the data once trimming has completed
Running FastQC with the following extra arguments: -t 12
Output file will be GZIP compressed


This is cutadapt 5.2 with Python 3.9.23
Command line parameters: -j 8 -e 0.1 -q 20 -O 1 -a AGATCGGAAGAGC D5_1.fastq.gz
Processing single-end reads on 8 cores ...

=== Summary ===

Total reads processed:              46,424,882
Reads with adapters:                20,308,894 (43.7%)
Reads written (passing filters):    46,424,882 (100.0%)

Total basepairs processed: 6,963,732,300 bp
Quality-trimmed:              12,348,309 bp (0.2%)
Total written (filtered):  6,720,277,691 bp (96.5%)

=== Adapter 1 ===

Sequence: AGATCGGAAGAGC; Type: regular 3'; Length: 13; Trimmed: 20308894 times

Minimum overlap: 1
No. of allowed errors:
1-9 bp: 0; 10-13 bp: 1

Bases preceding removed adapters:
  A: 21.3%
  C: 38.6%
  G: 25.4%
  T: 14.7%
  none/other: 0.0%

Overview of removed sequences
length	count	expect	max.err	error counts
1	8162955	11606220.5	0	8162955
2	2961242	2901555.1	0	2961242
3	961125	725388.8	0	961125
4	409705	181347.2	0	409705
5	304100	45336.8	0	304100
6	260027	11334.2	0	260027
7	244456	2833.5	0	244456
8	233955	708.4	0	233955
9	230161	177.1	0	225629 4532
10	227304	44.3	1	220332 6972
11	225035	11.1	1	217819 7216
12	224557	2.8	1	216758 7799
13	224835	0.7	1	216612 8223
14	219795	0.7	1	211636 8159
15	211379	0.7	1	203357 8022
16	198656	0.7	1	191395 7261
17	189558	0.7	1	182453 7105
18	177305	0.7	1	170961 6344
19	171664	0.7	1	165447 6217
20	167873	0.7	1	161652 6221
21	165680	0.7	1	159354 6326
22	165159	0.7	1	159085 6074
23	164465	0.7	1	158268 6197
24	163341	0.7	1	157435 5906
25	157010	0.7	1	151080 5930
26	148137	0.7	1	142748 5389
27	138781	0.7	1	133672 5109
28	128915	0.7	1	124166 4749
29	122539	0.7	1	118043 4496
30	116328	0.7	1	112053 4275
31	115445	0.7	1	111120 4325
32	116833	0.7	1	112338 4495
33	116795	0.7	1	112460 4335
34	116284	0.7	1	111974 4310
35	112029	0.7	1	107845 4184
36	106760	0.7	1	102582 4178
37	98991	0.7	1	95101 3890
38	92255	0.7	1	88820 3435
39	85059	0.7	1	81804 3255
40	80205	0.7	1	77276 2929
41	78954	0.7	1	75820 3134
42	80684	0.7	1	77547 3137
43	80346	0.7	1	76757 3589
44	99418	0.7	1	95578 3840
45	85061	0.7	1	81265 3796
46	102020	0.7	1	99142 2878
47	68666	0.7	1	54948 13718
48	448188	0.7	1	443150 5038
49	104776	0.7	1	102063 2713
50	65722	0.7	1	64618 1104
51	21494	0.7	1	19082 2412
52	76518	0.7	1	75778 740
53	12269	0.7	1	11549 720
54	22912	0.7	1	22644 268
55	3066	0.7	1	2646 420
56	9042	0.7	1	8798 244
57	3648	0.7	1	2972 676
58	16752	0.7	1	15356 1396
59	37944	0.7	1	37465 479
60	6380	0.7	1	5605 775
61	21081	0.7	1	20733 348
62	4993	0.7	1	4824 169
63	2515	0.7	1	1974 541
64	16886	0.7	1	15835 1051
65	30282	0.7	1	29799 483
66	9967	0.7	1	9738 229
67	1367	0.7	1	1190 177
68	2538	0.7	1	2214 324
69	7270	0.7	1	6914 356
70	8854	0.7	1	8511 343
71	5336	0.7	1	5139 197
72	2654	0.7	1	2442 212
73	4066	0.7	1	3668 398
74	11800	0.7	1	11265 535
75	16494	0.7	1	15678 816
76	17397	0.7	1	16783 614
77	17840	0.7	1	17095 745
78	15701	0.7	1	14989 712
79	13647	0.7	1	13158 489
80	11653	0.7	1	11234 419
81	10187	0.7	1	9774 413
82	9313	0.7	1	8913 400
83	8894	0.7	1	8520 374
84	8457	0.7	1	8092 365
85	8627	0.7	1	8210 417
86	8924	0.7	1	8589 335
87	8439	0.7	1	7983 456
88	7640	0.7	1	7308 332
89	6650	0.7	1	6355 295
90	5508	0.7	1	5255 253
91	4952	0.7	1	4575 377
92	4139	0.7	1	3879 260
93	3505	0.7	1	3294 211
94	3247	0.7	1	2992 255
95	3135	0.7	1	2875 260
96	3057	0.7	1	2871 186
97	2947	0.7	1	2769 178
98	2795	0.7	1	2670 125
99	2408	0.7	1	2304 104
100	2020	0.7	1	1891 129
101	1654	0.7	1	1549 105
102	1402	0.7	1	1308 94
103	1177	0.7	1	1054 123
104	997	0.7	1	883 114
105	944	0.7	1	800 144
106	866	0.7	1	728 138
107	880	0.7	1	766 114
108	871	0.7	1	697 174
109	672	0.7	1	607 65
110	521	0.7	1	472 49
111	468	0.7	1	401 67
112	429	0.7	1	337 92
113	319	0.7	1	229 90
114	338	0.7	1	210 128
115	260	0.7	1	155 105
116	232	0.7	1	164 68
117	249	0.7	1	196 53
118	270	0.7	1	198 72
119	259	0.7	1	142 117
120	181	0.7	1	100 81
121	214	0.7	1	116 98
122	220	0.7	1	141 79
123	230	0.7	1	160 70
124	335	0.7	1	159 176
125	295	0.7	1	205 90
126	341	0.7	1	236 105
127	384	0.7	1	276 108
128	416	0.7	1	282 134
129	507	0.7	1	320 187
130	468	0.7	1	385 83
131	439	0.7	1	365 74
132	470	0.7	1	384 86
133	552	0.7	1	495 57
134	503	0.7	1	423 80
135	543	0.7	1	486 57
136	539	0.7	1	484 55
137	427	0.7	1	360 67
138	583	0.7	1	529 54
139	405	0.7	1	368 37
140	352	0.7	1	298 54
141	460	0.7	1	367 93
142	434	0.7	1	244 190
143	317	0.7	1	249 68
144	343	0.7	1	188 155
145	356	0.7	1	211 145
146	195	0.7	1	147 48
147	367	0.7	1	270 97
148	157	0.7	1	114 43
149	64	0.7	1	28 36
150	7246	0.7	1	56 7190

RUN STATISTICS FOR INPUT FILE: D5_1.fastq.gz
=============================================
46424882 sequences processed in total

