
SUMMARISING RUN PARAMETERS
==========================
Input filename: D7_2.fastq.gz
Trimming mode: paired-end
Trim Galore version: 0.6.10
Cutadapt version: 5.2
Python version: could not detect
Number of cores used for trimming: 8
Quality Phred score cutoff: 20
Quality encoding type selected: ASCII+33
Using Illumina adapter for trimming (count: 99875). Second best hit was smallRNA (count: 6)
Adapter sequence: 'AGATCGGAAGAGC' (Illumina TruSeq, Sanger iPCR; auto-detected)
Maximum trimming error rate: 0.1 (default)
Minimum required adapter overlap (stringency): 1 bp
Minimum required sequence length for both reads before a sequence pair gets removed: 20 bp
Running FastQC on the data once trimming has completed
Running FastQC with the following extra arguments: -t 12
Output file will be GZIP compressed


This is cutadapt 5.2 with Python 3.9.23
Command line parameters: -j 8 -e 0.1 -q 20 -O 1 -a AGATCGGAAGAGC D7_2.fastq.gz
Processing single-end reads on 8 cores ...

=== Summary ===

Total reads processed:              46,424,193
Reads with adapters:                20,484,001 (44.1%)
Reads written (passing filters):    46,424,193 (100.0%)

Total basepairs processed: 6,963,628,950 bp
Quality-trimmed:              12,847,755 bp (0.2%)
Total written (filtered):  6,743,761,959 bp (96.8%)

=== Adapter 1 ===

Sequence: AGATCGGAAGAGC; Type: regular 3'; Length: 13; Trimmed: 20484001 times

Minimum overlap: 1
No. of allowed errors:
1-9 bp: 0; 10-13 bp: 1

Bases preceding removed adapters:
  A: 26.0%
  C: 34.7%
  G: 27.9%
  T: 11.4%
  none/other: 0.0%

Overview of removed sequences
length	count	expect	max.err	error counts
1	9389576	11606048.2	0	9389576
2	3298315	2901512.1	0	3298315
3	1213882	725378.0	0	1213882
4	401913	181344.5	0	401913
5	242037	45336.1	0	242037
6	191721	11334.0	0	191721
7	177729	2833.5	0	177729
8	169677	708.4	0	169677
9	167797	177.1	0	162506 5291
10	165985	44.3	1	158473 7512
11	163534	11.1	1	155697 7837
12	164681	2.8	1	156998 7683
13	161914	0.7	1	154116 7798
14	159231	0.7	1	151425 7806
15	154809	0.7	1	147244 7565
16	144336	0.7	1	137162 7174
17	138138	0.7	1	131286 6852
18	131163	0.7	1	124484 6679
19	143540	0.7	1	136239 7301
20	138479	0.7	1	132941 5538
21	99884	0.7	1	94524 5360
22	116663	0.7	1	111023 5640
23	122789	0.7	1	116360 6429
24	138211	0.7	1	132018 6193
25	106626	0.7	1	101208 5418
26	112379	0.7	1	106460 5919
27	129315	0.7	1	124067 5248
28	86828	0.7	1	82173 4655
29	98040	0.7	1	93688 4352
30	87328	0.7	1	83014 4314
31	88476	0.7	1	84293 4183
32	89522	0.7	1	84329 5193
33	125867	0.7	1	121544 4323
34	71890	0.7	1	67716 4174
35	93189	0.7	1	89440 3749
36	68512	0.7	1	64865 3647
37	75353	0.7	1	71825 3528
38	70952	0.7	1	67291 3661
39	80832	0.7	1	77578 3254
40	62790	0.7	1	59866 2924
41	54305	0.7	1	51431 2874
42	64125	0.7	1	61104 3021
43	69890	0.7	1	66924 2966
44	61626	0.7	1	57963 3663
45	88937	0.7	1	85984 2953
46	47892	0.7	1	45286 2606
47	53984	0.7	1	51305 2679
48	55468	0.7	1	53156 2312
49	46893	0.7	1	44853 2040
50	43416	0.7	1	41273 2143
51	43545	0.7	1	41384 2161
52	52620	0.7	1	50697 1923
53	35965	0.7	1	33901 2064
54	48158	0.7	1	45982 2176
55	48024	0.7	1	45875 2149
56	42988	0.7	1	40776 2212
57	49342	0.7	1	47087 2255
58	48123	0.7	1	46480 1643
59	29823	0.7	1	28157 1666
60	32961	0.7	1	31668 1293
61	26136	0.7	1	24768 1368
62	31820	0.7	1	30595 1225
63	23227	0.7	1	21771 1456
64	33732	0.7	1	32434 1298
65	27447	0.7	1	26042 1405
66	29510	0.7	1	28016 1494
67	32399	0.7	1	31114 1285
68	23978	0.7	1	22880 1098
69	18553	0.7	1	17358 1195
70	27819	0.7	1	26992 827
71	11565	0.7	1	10682 883
72	18355	0.7	1	17482 873
73	19665	0.7	1	18647 1018
74	22638	0.7	1	21469 1169
75	26599	0.7	1	26096 503
76	9426	0.7	1	8576 850
77	15131	0.7	1	14219 912
78	16761	0.7	1	15934 827
79	14946	0.7	1	14252 694
80	13412	0.7	1	12723 689
81	11980	0.7	1	11377 603
82	10913	0.7	1	10399 514
83	10471	0.7	1	9999 472
84	10162	0.7	1	9696 466
85	10180	0.7	1	9731 449
86	10729	0.7	1	10188 541
87	10647	0.7	1	10157 490
88	9593	0.7	1	9140 453
89	8463	0.7	1	8065 398
90	7273	0.7	1	6926 347
91	6387	0.7	1	6024 363
92	5532	0.7	1	5272 260
93	4784	0.7	1	4526 258
94	4282	0.7	1	4057 225
95	4177	0.7	1	3972 205
96	4062	0.7	1	3812 250
97	4208	0.7	1	3977 231
98	3690	0.7	1	3479 211
99	3471	0.7	1	3249 222
100	2812	0.7	1	2645 167
101	2524	0.7	1	2352 172
102	2101	0.7	1	1972 129
103	1809	0.7	1	1651 158
104	1588	0.7	1	1461 127
105	1369	0.7	1	1241 128
106	1317	0.7	1	1198 119
107	1409	0.7	1	1291 118
108	1299	0.7	1	1197 102
109	1165	0.7	1	1069 96
110	929	0.7	1	841 88
111	668	0.7	1	605 63
112	658	0.7	1	577 81
113	467	0.7	1	423 44
114	459	0.7	1	358 101
115	392	0.7	1	296 96
116	389	0.7	1	327 62
117	427	0.7	1	354 73
118	415	0.7	1	354 61
119	362	0.7	1	291 71
120	332	0.7	1	254 78
121	342	0.7	1	268 74
122	318	0.7	1	262 56
123	315	0.7	1	266 49
124	399	0.7	1	306 93
125	424	0.7	1	352 72
126	471	0.7	1	383 88
127	478	0.7	1	400 78
128	518	0.7	1	433 85
129	602	0.7	1	503 99
130	704	0.7	1	610 94
131	681	0.7	1	574 107
132	707	0.7	1	626 81
133	857	0.7	1	786 71
134	741	0.7	1	662 79
135	684	0.7	1	616 68
136	876	0.7	1	756 120
137	604	0.7	1	533 71
138	832	0.7	1	764 68
139	594	0.7	1	529 65
140	546	0.7	1	478 68
141	612	0.7	1	526 86
142	399	0.7	1	334 65
143	390	0.7	1	333 57
144	291	0.7	1	264 27
145	354	0.7	1	291 63
146	278	0.7	1	219 59
147	583	0.7	1	367 216
148	199	0.7	1	128 71
149	89	0.7	1	40 49
150	111	0.7	1	58 53

RUN STATISTICS FOR INPUT FILE: D7_2.fastq.gz
=============================================
46424193 sequences processed in total

Total number of sequences analysed for the sequence pair length validation: 46424193

Number of sequence pairs removed because at least one read was shorter than the length cutoff (20 bp): 51414 (0.11%)
