
SUMMARISING RUN PARAMETERS
==========================
Input filename: D8_2.fastq.gz
Trimming mode: paired-end
Trim Galore version: 0.6.10
Cutadapt version: 5.2
Python version: could not detect
Number of cores used for trimming: 8
Quality Phred score cutoff: 20
Quality encoding type selected: ASCII+33
Using Illumina adapter for trimming (count: 102570). Second best hit was smallRNA (count: 10)
Adapter sequence: 'AGATCGGAAGAGC' (Illumina TruSeq, Sanger iPCR; auto-detected)
Maximum trimming error rate: 0.1 (default)
Minimum required adapter overlap (stringency): 1 bp
Minimum required sequence length for both reads before a sequence pair gets removed: 20 bp
Running FastQC on the data once trimming has completed
Running FastQC with the following extra arguments: -t 12
Output file will be GZIP compressed


This is cutadapt 5.2 with Python 3.9.23
Command line parameters: -j 8 -e 0.1 -q 20 -O 1 -a AGATCGGAAGAGC D8_2.fastq.gz
Processing single-end reads on 8 cores ...

=== Summary ===

Total reads processed:              31,264,138
Reads with adapters:                13,816,382 (44.2%)
Reads written (passing filters):    31,264,138 (100.0%)

Total basepairs processed: 4,689,620,700 bp
Quality-trimmed:               8,380,274 bp (0.2%)
Total written (filtered):  4,540,369,866 bp (96.8%)

=== Adapter 1 ===

Sequence: AGATCGGAAGAGC; Type: regular 3'; Length: 13; Trimmed: 13816382 times

Minimum overlap: 1
No. of allowed errors:
1-9 bp: 0; 10-13 bp: 1

Bases preceding removed adapters:
  A: 25.9%
  C: 34.8%
  G: 27.9%
  T: 11.3%
  none/other: 0.0%

Overview of removed sequences
length	count	expect	max.err	error counts
1	6312726	7816034.5	0	6312726
2	2214474	1954008.6	0	2214474
3	818158	488502.2	0	818158
4	271778	122125.5	0	271778
5	164810	30531.4	0	164810
6	130746	7632.8	0	130746
7	120250	1908.2	0	120250
8	114880	477.1	0	114880
9	113420	119.3	0	110100 3320
10	113668	29.8	1	108586 5082
11	111358	7.5	1	106056 5302
12	112698	1.9	1	107526 5172
13	109194	0.5	1	104018 5176
14	107368	0.5	1	102118 5250
15	105414	0.5	1	100576 4838
16	97250	0.5	1	92508 4742
17	92874	0.5	1	88446 4428
18	89144	0.5	1	84622 4522
19	100070	0.5	1	94916 5154
20	92038	0.5	1	88402 3636
21	67698	0.5	1	64198 3500
22	79988	0.5	1	76198 3790
23	82920	0.5	1	78788 4132
24	95232	0.5	1	90812 4420
25	71972	0.5	1	68414 3558
26	75762	0.5	1	71676 4086
27	88150	0.5	1	84620 3530
28	61956	0.5	1	58940 3016
29	65016	0.5	1	62094 2922
30	59974	0.5	1	57126 2848
31	58670	0.5	1	55972 2698
32	59302	0.5	1	56334 2968
33	69138	0.5	1	66304 2834
34	56192	0.5	1	53280 2912
35	64452	0.5	1	61228 3224
36	69656	0.5	1	66952 2704
37	48676	0.5	1	46396 2280
38	40806	0.5	1	38496 2310
39	52990	0.5	1	50912 2078
40	36748	0.5	1	34598 2150
41	53304	0.5	1	51450 1854
42	31588	0.5	1	29740 1848
43	43932	0.5	1	41986 1946
44	39716	0.5	1	37558 2158
45	56748	0.5	1	54710 2038
46	35464	0.5	1	33632 1832
47	35166	0.5	1	33434 1732
48	38032	0.5	1	36394 1638
49	31990	0.5	1	30650 1340
50	30826	0.5	1	29312 1514
51	29318	0.5	1	27836 1482
52	35508	0.5	1	34248 1260
53	24202	0.5	1	22926 1276
54	33034	0.5	1	31620 1414
55	33182	0.5	1	31766 1416
56	29122	0.5	1	27598 1524
57	31778	0.5	1	30310 1468
58	31006	0.5	1	29928 1078
59	21324	0.5	1	20180 1144
60	22982	0.5	1	22032 950
61	19150	0.5	1	18224 926
62	21574	0.5	1	20802 772
63	16236	0.5	1	15230 1006
64	22790	0.5	1	21856 934
65	19090	0.5	1	18086 1004
66	20590	0.5	1	19526 1064
67	22088	0.5	1	21234 854
68	16452	0.5	1	15746 706
69	13346	0.5	1	12580 766
70	18768	0.5	1	18210 558
71	8850	0.5	1	8248 602
72	12484	0.5	1	11896 588
73	12990	0.5	1	12278 712
74	15594	0.5	1	14774 820
75	18014	0.5	1	17582 432
76	6886	0.5	1	6370 516
77	10532	0.5	1	9994 538
78	11380	0.5	1	10846 534
79	10206	0.5	1	9758 448
80	9032	0.5	1	8588 444
81	8228	0.5	1	7846 382
82	7628	0.5	1	7282 346
83	6940	0.5	1	6586 354
84	6882	0.5	1	6598 284
85	7134	0.5	1	6822 312
86	7386	0.5	1	7042 344
87	7234	0.5	1	6882 352
88	6690	0.5	1	6348 342
89	5670	0.5	1	5404 266
90	5026	0.5	1	4768 258
91	4386	0.5	1	4196 190
92	3676	0.5	1	3468 208
93	3298	0.5	1	3096 202
94	2812	0.5	1	2668 144
95	2778	0.5	1	2600 178
96	2698	0.5	1	2512 186
97	2600	0.5	1	2452 148
98	2638	0.5	1	2502 136
99	2454	0.5	1	2348 106
100	1930	0.5	1	1822 108
101	1706	0.5	1	1584 122
102	1498	0.5	1	1396 102
103	1186	0.5	1	1076 110
104	1120	0.5	1	1020 100
105	952	0.5	1	866 86
106	916	0.5	1	844 72
107	942	0.5	1	872 70
108	854	0.5	1	806 48
109	726	0.5	1	668 58
110	630	0.5	1	552 78
111	424	0.5	1	382 42
112	424	0.5	1	378 46
113	324	0.5	1	288 36
114	364	0.5	1	288 76
115	294	0.5	1	224 70
116	300	0.5	1	260 40
117	340	0.5	1	304 36
118	320	0.5	1	274 46
119	286	0.5	1	238 48
120	242	0.5	1	198 44
121	262	0.5	1	222 40
122	244	0.5	1	202 42
123	296	0.5	1	274 22
124	318	0.5	1	242 76
125	416	0.5	1	360 56
126	412	0.5	1	354 58
127	426	0.5	1	350 76
128	406	0.5	1	334 72
129	492	0.5	1	418 74
130	620	0.5	1	552 68
131	606	0.5	1	526 80
132	586	0.5	1	526 60
133	738	0.5	1	666 72
134	632	0.5	1	564 68
135	670	0.5	1	608 62
136	698	0.5	1	632 66
137	548	0.5	1	488 60
138	650	0.5	1	602 48
139	458	0.5	1	408 50
140	480	0.5	1	432 48
141	500	0.5	1	432 68
142	318	0.5	1	280 38
143	312	0.5	1	284 28
144	240	0.5	1	206 34
145	310	0.5	1	236 74
146	208	0.5	1	176 32
147	406	0.5	1	280 126
148	156	0.5	1	98 58
149	52	0.5	1	26 26
150	96	0.5	1	56 40

RUN STATISTICS FOR INPUT FILE: D8_2.fastq.gz
=============================================
31264138 sequences processed in total

Total number of sequences analysed for the sequence pair length validation: 31264138

Number of sequence pairs removed because at least one read was shorter than the length cutoff (20 bp): 31366 (0.10%)
