
SUMMARISING RUN PARAMETERS
==========================
Input filename: D9_1.fastq.gz
Trimming mode: paired-end
Trim Galore version: 0.6.10
Cutadapt version: 5.2
Python version: could not detect
Number of cores used for trimming: 8
Quality Phred score cutoff: 20
Quality encoding type selected: ASCII+33
Using Illumina adapter for trimming (count: 105756). Second best hit was smallRNA (count: 7)
Adapter sequence: 'AGATCGGAAGAGC' (Illumina TruSeq, Sanger iPCR; auto-detected)
Maximum trimming error rate: 0.1 (default)
Minimum required adapter overlap (stringency): 1 bp
Minimum required sequence length for both reads before a sequence pair gets removed: 20 bp
Running FastQC on the data once trimming has completed
Running FastQC with the following extra arguments: -t 12
Output file will be GZIP compressed


This is cutadapt 5.2 with Python 3.9.23
Command line parameters: -j 8 -e 0.1 -q 20 -O 1 -a AGATCGGAAGAGC D9_1.fastq.gz
Processing single-end reads on 8 cores ...

=== Summary ===

Total reads processed:              45,919,571
Reads with adapters:                19,061,170 (41.5%)
Reads written (passing filters):    45,919,571 (100.0%)

Total basepairs processed: 6,887,935,650 bp
Quality-trimmed:              12,535,381 bp (0.2%)
Total written (filtered):  6,659,689,916 bp (96.7%)

=== Adapter 1 ===

Sequence: AGATCGGAAGAGC; Type: regular 3'; Length: 13; Trimmed: 19061170 times

Minimum overlap: 1
No. of allowed errors:
1-9 bp: 0; 10-13 bp: 1

Bases preceding removed adapters:
  A: 21.9%
  C: 38.1%
  G: 24.6%
  T: 15.3%
  none/other: 0.1%

Overview of removed sequences
length	count	expect	max.err	error counts
1	8354431	11479892.8	0	8354431
2	2975690	2869973.2	0	2975690
3	904486	717493.3	0	904486
4	348670	179373.3	0	348670
5	239173	44843.3	0	239173
6	196627	11210.8	0	196627
7	184592	2802.7	0	184592
8	176845	700.7	0	176845
9	175568	175.2	0	171669 3899
10	173355	43.8	1	167497 5858
11	173154	10.9	1	167052 6102
12	171940	2.7	1	165634 6306
13	171637	0.7	1	165098 6539
14	165758	0.7	1	159368 6390
15	159687	0.7	1	153265 6422
16	150868	0.7	1	144943 5925
17	142166	0.7	1	136533 5633
18	135021	0.7	1	129824 5197
19	131303	0.7	1	126150 5153
20	127376	0.7	1	122429 4947
21	127937	0.7	1	122882 5055
22	127770	0.7	1	122809 4961
23	127094	0.7	1	121967 5127
24	124492	0.7	1	119693 4799
25	120205	0.7	1	115387 4818
26	113563	0.7	1	109158 4405
27	106463	0.7	1	102375 4088
28	100187	0.7	1	96187 4000
29	94852	0.7	1	91098 3754
30	91088	0.7	1	87472 3616
31	91306	0.7	1	87677 3629
32	92595	0.7	1	88928 3667
33	92170	0.7	1	88507 3663
34	92949	0.7	1	89335 3614
35	90561	0.7	1	86872 3689
36	85642	0.7	1	82038 3604
37	78688	0.7	1	75452 3236
38	72739	0.7	1	69815 2924
39	69547	0.7	1	66680 2867
40	65497	0.7	1	62914 2583
41	65821	0.7	1	63035 2786
42	67647	0.7	1	64826 2821
43	68400	0.7	1	64978 3422
44	87577	0.7	1	84319 3258
45	64730	0.7	1	61619 3111
46	74786	0.7	1	72237 2549
47	59094	0.7	1	50896 8198
48	232267	0.7	1	226895 5372
49	131681	0.7	1	124052 7629
50	204613	0.7	1	202538 2075
51	35369	0.7	1	31298 4071
52	120429	0.7	1	118824 1605
53	38491	0.7	1	37978 513
54	9296	0.7	1	8932 364
55	6207	0.7	1	5854 353
56	3803	0.7	1	3645 158
57	1944	0.7	1	1432 512
58	10150	0.7	1	9085 1065
59	27044	0.7	1	26560 484
60	7785	0.7	1	7116 669
61	17369	0.7	1	16981 388
62	5290	0.7	1	5127 163
63	2732	0.7	1	2272 460
64	13321	0.7	1	12333 988
65	29398	0.7	1	28809 589
66	12773	0.7	1	12574 199
67	1526	0.7	1	1396 130
68	1259	0.7	1	1066 193
69	3672	0.7	1	3391 281
70	5815	0.7	1	5535 280
71	3803	0.7	1	3612 191
72	2531	0.7	1	2259 272
73	4916	0.7	1	4428 488
74	13814	0.7	1	13090 724
75	20200	0.7	1	19072 1128
76	22723	0.7	1	21796 927
77	22569	0.7	1	21599 970
78	19955	0.7	1	19101 854
79	18210	0.7	1	17491 719
80	16649	0.7	1	16008 641
81	14868	0.7	1	14269 599
82	14294	0.7	1	13755 539
83	13453	0.7	1	12874 579
84	13450	0.7	1	12917 533
85	14256	0.7	1	13640 616
86	15055	0.7	1	14455 600
87	14992	0.7	1	14297 695
88	13504	0.7	1	12859 645
89	12089	0.7	1	11596 493
90	10958	0.7	1	10553 405
91	9772	0.7	1	9206 566
92	8910	0.7	1	8491 419
93	7679	0.7	1	7249 430
94	7386	0.7	1	6980 406
95	7034	0.7	1	6681 353
96	7118	0.7	1	6827 291
97	7371	0.7	1	7034 337
98	6929	0.7	1	6640 289
99	6173	0.7	1	5914 259
100	5436	0.7	1	5191 245
101	4608	0.7	1	4380 228
102	4042	0.7	1	3848 194
103	3598	0.7	1	3383 215
104	3092	0.7	1	2900 192
105	2726	0.7	1	2493 233
106	2686	0.7	1	2502 184
107	2794	0.7	1	2594 200
108	2565	0.7	1	2357 208
109	2076	0.7	1	1952 124
110	1675	0.7	1	1575 100
111	1435	0.7	1	1313 122
112	1065	0.7	1	962 103
113	831	0.7	1	704 127
114	660	0.7	1	499 161
115	586	0.7	1	458 128
116	554	0.7	1	454 100
117	601	0.7	1	509 92
118	611	0.7	1	514 97
119	483	0.7	1	374 109
120	355	0.7	1	251 104
121	366	0.7	1	269 97
122	330	0.7	1	236 94
123	334	0.7	1	232 102
124	439	0.7	1	265 174
125	426	0.7	1	304 122
126	540	0.7	1	410 130
127	555	0.7	1	403 152
128	579	0.7	1	443 136
129	637	0.7	1	472 165
130	708	0.7	1	593 115
131	734	0.7	1	610 124
132	669	0.7	1	574 95
133	806	0.7	1	718 88
134	727	0.7	1	637 90
135	729	0.7	1	658 71
136	802	0.7	1	731 71
137	576	0.7	1	507 69
138	802	0.7	1	732 70
139	550	0.7	1	486 64
140	498	0.7	1	419 79
141	592	0.7	1	466 126
142	524	0.7	1	334 190
143	376	0.7	1	303 73
144	402	0.7	1	278 124
145	389	0.7	1	285 104
146	251	0.7	1	212 39
147	423	0.7	1	331 92
148	156	0.7	1	113 43
149	131	0.7	1	32 99
150	18998	0.7	1	74 18924

RUN STATISTICS FOR INPUT FILE: D9_1.fastq.gz
=============================================
45919571 sequences processed in total

