
SUMMARISING RUN PARAMETERS
==========================
Input filename: D3_1.fastq.gz
Trimming mode: paired-end
Trim Galore version: 0.6.10
Cutadapt version: 5.2
Python version: could not detect
Number of cores used for trimming: 8
Quality Phred score cutoff: 20
Quality encoding type selected: ASCII+33
Using Illumina adapter for trimming (count: 109020). Second best hit was smallRNA (count: 16)
Adapter sequence: 'AGATCGGAAGAGC' (Illumina TruSeq, Sanger iPCR; auto-detected)
Maximum trimming error rate: 0.1 (default)
Minimum required adapter overlap (stringency): 1 bp
Minimum required sequence length for both reads before a sequence pair gets removed: 20 bp
Running FastQC on the data once trimming has completed
Running FastQC with the following extra arguments: -t 12
Output file will be GZIP compressed


This is cutadapt 5.2 with Python 3.9.23
Command line parameters: -j 8 -e 0.1 -q 20 -O 1 -a AGATCGGAAGAGC D3_1.fastq.gz
Processing single-end reads on 8 cores ...

=== Summary ===

Total reads processed:              45,760,059
Reads with adapters:                19,365,092 (42.3%)
Reads written (passing filters):    45,760,059 (100.0%)

Total basepairs processed: 6,864,008,850 bp
Quality-trimmed:               9,527,189 bp (0.1%)
Total written (filtered):  6,652,078,053 bp (96.9%)

=== Adapter 1 ===

Sequence: AGATCGGAAGAGC; Type: regular 3'; Length: 13; Trimmed: 19365092 times

Minimum overlap: 1
No. of allowed errors:
1-9 bp: 0; 10-13 bp: 1

Bases preceding removed adapters:
  A: 21.6%
  C: 38.6%
  G: 25.1%
  T: 14.6%
  none/other: 0.0%

Overview of removed sequences
length	count	expect	max.err	error counts
1	8173061	11440014.8	0	8173061
2	2963219	2860003.7	0	2963219
3	940743	715000.9	0	940743
4	390610	178750.2	0	390610
5	281932	44687.6	0	281932
6	238023	11171.9	0	238023
7	222380	2793.0	0	222380
8	212279	698.2	0	212279
9	208179	174.6	0	204042 4137
10	205044	43.6	1	198933 6111
11	204039	10.9	1	197758 6281
12	205900	2.7	1	199248 6652
13	203948	0.7	1	196893 7055
14	199621	0.7	1	192703 6918
15	190865	0.7	1	184184 6681
16	179455	0.7	1	173353 6102
17	167909	0.7	1	161975 5934
18	159246	0.7	1	153742 5504
19	152564	0.7	1	147404 5160
20	148342	0.7	1	143190 5152
21	148766	0.7	1	143601 5165
22	147557	0.7	1	142604 4953
23	147446	0.7	1	142436 5010
24	144030	0.7	1	139051 4979
25	139312	0.7	1	134419 4893
26	130760	0.7	1	126284 4476
27	120874	0.7	1	116724 4150
28	112830	0.7	1	108913 3917
29	105877	0.7	1	102091 3786
30	102021	0.7	1	98618 3403
31	100580	0.7	1	97118 3462
32	102131	0.7	1	98587 3544
33	102679	0.7	1	99007 3672
34	104464	0.7	1	100787 3677
35	98284	0.7	1	94773 3511
36	95602	0.7	1	92253 3349
37	86321	0.7	1	83241 3080
38	81224	0.7	1	78317 2907
39	75687	0.7	1	73156 2531
40	70973	0.7	1	68620 2353
41	68781	0.7	1	66444 2337
42	71038	0.7	1	68452 2586
43	71103	0.7	1	68066 3037
44	89825	0.7	1	86964 2861
45	74019	0.7	1	70413 3606
46	107351	0.7	1	105836 1515
47	28670	0.7	1	22270 6400
48	217599	0.7	1	209489 8110
49	241908	0.7	1	239322 2586
50	56968	0.7	1	56002 966
51	21761	0.7	1	20074 1687
52	54985	0.7	1	54503 482
53	7163	0.7	1	6355 808
54	26853	0.7	1	26615 238
55	2676	0.7	1	2220 456
56	10428	0.7	1	10197 231
57	4825	0.7	1	4275 550
58	13729	0.7	1	12540 1189
59	32570	0.7	1	32243 327
60	3661	0.7	1	3167 494
61	14600	0.7	1	14380 220
62	1593	0.7	1	1474 119
63	1719	0.7	1	1298 421
64	12352	0.7	1	11637 715
65	23021	0.7	1	22772 249
66	3964	0.7	1	3865 99
67	910	0.7	1	690 220
68	4875	0.7	1	4528 347
69	9236	0.7	1	8883 353
70	9656	0.7	1	9309 347
71	5778	0.7	1	5624 154
72	2416	0.7	1	2260 156
73	3170	0.7	1	2857 313
74	9189	0.7	1	8817 372
75	12777	0.7	1	12089 688
76	13518	0.7	1	13064 454
77	13432	0.7	1	12816 616
78	11802	0.7	1	11299 503
79	10431	0.7	1	10075 356
80	9103	0.7	1	8789 314
81	7917	0.7	1	7612 305
82	7553	0.7	1	7263 290
83	6779	0.7	1	6494 285
84	6696	0.7	1	6408 288
85	6667	0.7	1	6350 317
86	6849	0.7	1	6606 243
87	7006	0.7	1	6611 395
88	5969	0.7	1	5706 263
89	5276	0.7	1	5010 266
90	4534	0.7	1	4324 210
91	3950	0.7	1	3627 323
92	3520	0.7	1	3266 254
93	2875	0.7	1	2684 191
94	2662	0.7	1	2427 235
95	2476	0.7	1	2252 224
96	2310	0.7	1	2160 150
97	2325	0.7	1	2148 177
98	2158	0.7	1	2033 125
99	1891	0.7	1	1784 107
100	1615	0.7	1	1528 87
101	1319	0.7	1	1231 88
102	1118	0.7	1	1030 88
103	957	0.7	1	838 119
104	820	0.7	1	709 111
105	817	0.7	1	661 156
106	735	0.7	1	615 120
107	808	0.7	1	659 149
108	777	0.7	1	608 169
109	548	0.7	1	484 64
110	458	0.7	1	401 57
111	391	0.7	1	308 83
112	336	0.7	1	253 83
113	294	0.7	1	220 74
114	335	0.7	1	195 140
115	281	0.7	1	154 127
116	218	0.7	1	146 72
117	255	0.7	1	166 89
118	289	0.7	1	208 81
119	289	0.7	1	168 121
120	250	0.7	1	142 108
121	255	0.7	1	161 94
122	236	0.7	1	145 91
123	245	0.7	1	167 78
124	345	0.7	1	187 158
125	322	0.7	1	230 92
126	360	0.7	1	248 112
127	359	0.7	1	267 92
128	402	0.7	1	306 96
129	409	0.7	1	280 129
130	508	0.7	1	428 80
131	494	0.7	1	417 77
132	464	0.7	1	392 72
133	529	0.7	1	477 52
134	436	0.7	1	361 75
135	499	0.7	1	435 64
136	523	0.7	1	460 63
137	409	0.7	1	348 61
138	510	0.7	1	471 39
139	340	0.7	1	304 36
140	341	0.7	1	291 50
141	400	0.7	1	311 89
142	405	0.7	1	222 183
143	319	0.7	1	215 104
144	295	0.7	1	174 121
145	348	0.7	1	224 124
146	197	0.7	1	162 35
147	350	0.7	1	267 83
148	98	0.7	1	69 29
149	65	0.7	1	27 38
150	8074	0.7	1	45 8029

RUN STATISTICS FOR INPUT FILE: D3_1.fastq.gz
=============================================
45760059 sequences processed in total

