
SUMMARISING RUN PARAMETERS
==========================
Input filename: D4_1.fastq.gz
Trimming mode: paired-end
Trim Galore version: 0.6.10
Cutadapt version: 5.2
Python version: could not detect
Number of cores used for trimming: 8
Quality Phred score cutoff: 20
Quality encoding type selected: ASCII+33
Using Illumina adapter for trimming (count: 119440). Second best hit was smallRNA (count: 14)
Adapter sequence: 'AGATCGGAAGAGC' (Illumina TruSeq, Sanger iPCR; auto-detected)
Maximum trimming error rate: 0.1 (default)
Minimum required adapter overlap (stringency): 1 bp
Minimum required sequence length for both reads before a sequence pair gets removed: 20 bp
Running FastQC on the data once trimming has completed
Running FastQC with the following extra arguments: -t 12
Output file will be GZIP compressed


This is cutadapt 5.2 with Python 3.9.23
Command line parameters: -j 8 -e 0.1 -q 20 -O 1 -a AGATCGGAAGAGC D4_1.fastq.gz
Processing single-end reads on 8 cores ...

=== Summary ===

Total reads processed:              34,131,858
Reads with adapters:                14,661,365 (43.0%)
Reads written (passing filters):    34,131,858 (100.0%)

Total basepairs processed: 5,119,778,700 bp
Quality-trimmed:               9,704,301 bp (0.2%)
Total written (filtered):  4,939,590,661 bp (96.5%)

=== Adapter 1 ===

Sequence: AGATCGGAAGAGC; Type: regular 3'; Length: 13; Trimmed: 14661365 times

Minimum overlap: 1
No. of allowed errors:
1-9 bp: 0; 10-13 bp: 1

Bases preceding removed adapters:
  A: 21.6%
  C: 38.5%
  G: 25.1%
  T: 14.8%
  none/other: 0.0%

Overview of removed sequences
length	count	expect	max.err	error counts
1	6054576	8532964.5	0	6054576
2	2172727	2133241.1	0	2172727
3	685229	533310.3	0	685229
4	281170	133327.6	0	281170
5	202192	33331.9	0	202192
6	171952	8333.0	0	171952
7	160410	2083.2	0	160410
8	153685	520.8	0	153685
9	152493	130.2	0	149828 2665
10	149476	32.6	1	145074 4402
11	148842	8.1	1	144227 4615
12	148324	2.0	1	143634 4690
13	148641	0.5	1	143460 5181
14	145483	0.5	1	140595 4888
15	140330	0.5	1	135491 4839
16	132317	0.5	1	127799 4518
17	125625	0.5	1	121315 4310
18	118498	0.5	1	114651 3847
19	114099	0.5	1	110268 3831
20	112490	0.5	1	108688 3802
21	110619	0.5	1	106659 3960
22	110991	0.5	1	107237 3754
23	110877	0.5	1	106939 3938
24	109643	0.5	1	105959 3684
25	106149	0.5	1	102432 3717
26	100331	0.5	1	96805 3526
27	93925	0.5	1	90777 3148
28	88756	0.5	1	85750 3006
29	83532	0.5	1	80754 2778
30	80547	0.5	1	77860 2687
31	78894	0.5	1	76034 2860
32	84796	0.5	1	80208 4588
33	144000	0.5	1	142440 1560
34	14529	0.5	1	12181 2348
35	78516	0.5	1	75855 2661
36	75033	0.5	1	72275 2758
37	70193	0.5	1	67738 2455
38	63998	0.5	1	61795 2203
39	60413	0.5	1	58361 2052
40	57710	0.5	1	55634 2076
41	57933	0.5	1	55829 2104
42	57623	0.5	1	55515 2108
43	60674	0.5	1	57917 2757
44	78910	0.5	1	76077 2833
45	67952	0.5	1	64876 3076
46	92228	0.5	1	90638 1590
47	30202	0.5	1	22810 7392
48	274935	0.5	1	269195 5740
49	163326	0.5	1	161200 2126
50	47083	0.5	1	46183 900
51	21590	0.5	1	20243 1347
52	49799	0.5	1	49352 447
53	7537	0.5	1	6950 587
54	20340	0.5	1	20128 212
55	2663	0.5	1	2321 342
56	8538	0.5	1	8352 186
57	4458	0.5	1	3984 474
58	12638	0.5	1	11624 1014
59	29280	0.5	1	28946 334
60	3893	0.5	1	3447 446
61	14635	0.5	1	14422 213
62	1853	0.5	1	1733 120
63	1908	0.5	1	1522 386
64	12974	0.5	1	12226 748
65	24693	0.5	1	24382 311
66	5101	0.5	1	4960 141
67	1195	0.5	1	988 207
68	4866	0.5	1	4533 333
69	8807	0.5	1	8443 364
70	9439	0.5	1	9190 249
71	5773	0.5	1	5594 179
72	2685	0.5	1	2507 178
73	3954	0.5	1	3620 334
74	10458	0.5	1	10029 429
75	14724	0.5	1	14025 699
76	15384	0.5	1	14852 532
77	15099	0.5	1	14510 589
78	13717	0.5	1	13238 479
79	11686	0.5	1	11307 379
80	10365	0.5	1	10018 347
81	9449	0.5	1	9139 310
82	8482	0.5	1	8143 339
83	8033	0.5	1	7772 261
84	7746	0.5	1	7456 290
85	7894	0.5	1	7576 318
86	8294	0.5	1	7978 316
87	8023	0.5	1	7652 371
88	7224	0.5	1	6939 285
89	6291	0.5	1	6053 238
90	5382	0.5	1	5155 227
91	4656	0.5	1	4367 289
92	4012	0.5	1	3812 200
93	3563	0.5	1	3366 197
94	3244	0.5	1	3056 188
95	3086	0.5	1	2870 216
96	2907	0.5	1	2749 158
97	2905	0.5	1	2765 140
98	2725	0.5	1	2615 110
99	2328	0.5	1	2223 105
100	2027	0.5	1	1919 108
101	1657	0.5	1	1564 93
102	1376	0.5	1	1319 57
103	1184	0.5	1	1097 87
104	987	0.5	1	904 83
105	1062	0.5	1	926 136
106	909	0.5	1	814 95
107	920	0.5	1	817 103
108	894	0.5	1	756 138
109	696	0.5	1	633 63
110	582	0.5	1	532 50
111	496	0.5	1	432 64
112	400	0.5	1	321 79
113	290	0.5	1	226 64
114	316	0.5	1	218 98
115	248	0.5	1	166 82
116	250	0.5	1	204 46
117	274	0.5	1	213 61
118	273	0.5	1	212 61
119	280	0.5	1	190 90
120	211	0.5	1	157 54
121	218	0.5	1	154 64
122	215	0.5	1	142 73
123	229	0.5	1	153 76
124	299	0.5	1	187 112
125	309	0.5	1	227 82
126	322	0.5	1	236 86
127	358	0.5	1	264 94
128	381	0.5	1	285 96
129	418	0.5	1	296 122
130	500	0.5	1	423 77
131	432	0.5	1	380 52
132	460	0.5	1	393 67
133	621	0.5	1	564 57
134	530	0.5	1	473 57
135	509	0.5	1	465 44
136	562	0.5	1	502 60
137	394	0.5	1	343 51
138	581	0.5	1	535 46
139	371	0.5	1	342 29
140	355	0.5	1	310 45
141	426	0.5	1	335 91
142	373	0.5	1	247 126
143	274	0.5	1	215 59
144	276	0.5	1	184 92
145	343	0.5	1	235 108
146	180	0.5	1	146 34
147	333	0.5	1	260 73
148	150	0.5	1	119 31
149	66	0.5	1	31 35
150	6375	0.5	1	45 6330

RUN STATISTICS FOR INPUT FILE: D4_1.fastq.gz
=============================================
34131858 sequences processed in total

