
SUMMARISING RUN PARAMETERS
==========================
Input filename: D4_2.fastq.gz
Trimming mode: paired-end
Trim Galore version: 0.6.10
Cutadapt version: 5.2
Python version: could not detect
Number of cores used for trimming: 8
Quality Phred score cutoff: 20
Quality encoding type selected: ASCII+33
Using Illumina adapter for trimming (count: 119440). Second best hit was smallRNA (count: 14)
Adapter sequence: 'AGATCGGAAGAGC' (Illumina TruSeq, Sanger iPCR; auto-detected)
Maximum trimming error rate: 0.1 (default)
Minimum required adapter overlap (stringency): 1 bp
Minimum required sequence length for both reads before a sequence pair gets removed: 20 bp
Running FastQC on the data once trimming has completed
Running FastQC with the following extra arguments: -t 12
Output file will be GZIP compressed


This is cutadapt 5.2 with Python 3.9.23
Command line parameters: -j 8 -e 0.1 -q 20 -O 1 -a AGATCGGAAGAGC D4_2.fastq.gz
Processing single-end reads on 8 cores ...

=== Summary ===

Total reads processed:              34,131,858
Reads with adapters:                15,802,915 (46.3%)
Reads written (passing filters):    34,131,858 (100.0%)

Total basepairs processed: 5,119,778,700 bp
Quality-trimmed:               9,641,505 bp (0.2%)
Total written (filtered):  4,935,595,804 bp (96.4%)

=== Adapter 1 ===

Sequence: AGATCGGAAGAGC; Type: regular 3'; Length: 13; Trimmed: 15802915 times

Minimum overlap: 1
No. of allowed errors:
1-9 bp: 0; 10-13 bp: 1

Bases preceding removed adapters:
  A: 25.3%
  C: 35.1%
  G: 28.6%
  T: 11.0%
  none/other: 0.0%

Overview of removed sequences
length	count	expect	max.err	error counts
1	6708122	8532964.5	0	6708122
2	2392147	2133241.1	0	2392147
3	915559	533310.3	0	915559
4	325939	133327.6	0	325939
5	211064	33331.9	0	211064
6	173950	8333.0	0	173950
7	161310	2083.2	0	161310
8	153906	520.8	0	153906
9	152793	130.2	0	148935 3858
10	150696	32.6	1	144651 6045
11	149438	8.1	1	142987 6451
12	151116	2.0	1	144748 6368
13	146545	0.5	1	140214 6331
14	146120	0.5	1	139451 6669
15	141270	0.5	1	134924 6346
16	130980	0.5	1	125298 5682
17	125899	0.5	1	120252 5647
18	119813	0.5	1	114148 5665
19	133209	0.5	1	127055 6154
20	124287	0.5	1	119651 4636
21	90845	0.5	1	86362 4483
22	107923	0.5	1	103311 4612
23	111249	0.5	1	106000 5249
24	132020	0.5	1	126547 5473
25	94619	0.5	1	90199 4420
26	99968	0.5	1	95072 4896
27	113063	0.5	1	108678 4385
28	81676	0.5	1	78001 3675
29	82738	0.5	1	79146 3592
30	79155	0.5	1	75762 3393
31	75050	0.5	1	71837 3213
32	79634	0.5	1	75988 3646
33	79902	0.5	1	75966 3936
34	108277	0.5	1	103996 4281
35	99999	0.5	1	96907 3092
36	58833	0.5	1	56125 2708
37	54293	0.5	1	51457 2836
38	67688	0.5	1	65048 2640
39	55656	0.5	1	53188 2468
40	54948	0.5	1	52184 2764
41	77105	0.5	1	74946 2159
42	37449	0.5	1	35276 2173
43	56738	0.5	1	54441 2297
44	52410	0.5	1	49667 2743
45	79564	0.5	1	77220 2344
46	41088	0.5	1	39030 2058
47	45423	0.5	1	43241 2182
48	48949	0.5	1	47142 1807
49	39137	0.5	1	37553 1584
50	36840	0.5	1	35198 1642
51	36289	0.5	1	34593 1696
52	45340	0.5	1	43864 1476
53	29393	0.5	1	27763 1630
54	41713	0.5	1	39996 1717
55	39928	0.5	1	38304 1624
56	35917	0.5	1	34142 1775
57	43321	0.5	1	41543 1778
58	41332	0.5	1	40150 1182
59	23190	0.5	1	22001 1189
60	27602	0.5	1	26657 945
61	20334	0.5	1	19348 986
62	25939	0.5	1	25044 895
63	18601	0.5	1	17572 1029
64	28189	0.5	1	27286 903
65	20782	0.5	1	19808 974
66	23875	0.5	1	22727 1148
67	26308	0.5	1	25322 986
68	18459	0.5	1	17630 829
69	14613	0.5	1	13695 918
70	22544	0.5	1	21910 634
71	8681	0.5	1	8098 583
72	14487	0.5	1	13859 628
73	15734	0.5	1	15024 710
74	17854	0.5	1	17111 743
75	20846	0.5	1	20470 376
76	6784	0.5	1	6248 536
77	11520	0.5	1	10912 608
78	13082	0.5	1	12563 519
79	11749	0.5	1	11235 514
80	10268	0.5	1	9763 505
81	9383	0.5	1	8969 414
82	8490	0.5	1	8136 354
83	7977	0.5	1	7609 368
84	7780	0.5	1	7454 326
85	7845	0.5	1	7526 319
86	8277	0.5	1	7891 386
87	7885	0.5	1	7548 337
88	7257	0.5	1	6965 292
89	6354	0.5	1	6113 241
90	5404	0.5	1	5145 259
91	4586	0.5	1	4351 235
92	3994	0.5	1	3798 196
93	3548	0.5	1	3387 161
94	3176	0.5	1	3003 173
95	3038	0.5	1	2892 146
96	2925	0.5	1	2756 169
97	2936	0.5	1	2768 168
98	2776	0.5	1	2634 142
99	2373	0.5	1	2227 146
100	2055	0.5	1	1963 92
101	1684	0.5	1	1566 118
102	1406	0.5	1	1324 82
103	1190	0.5	1	1101 89
104	1009	0.5	1	913 96
105	1037	0.5	1	933 104
106	905	0.5	1	820 85
107	913	0.5	1	832 81
108	821	0.5	1	762 59
109	708	0.5	1	646 62
110	630	0.5	1	567 63
111	510	0.5	1	457 53
112	379	0.5	1	323 56
113	281	0.5	1	249 32
114	312	0.5	1	236 76
115	242	0.5	1	192 50
116	275	0.5	1	220 55
117	274	0.5	1	237 37
118	263	0.5	1	229 34
119	248	0.5	1	208 40
120	225	0.5	1	179 46
121	229	0.5	1	173 56
122	214	0.5	1	165 49
123	215	0.5	1	176 39
124	289	0.5	1	212 77
125	283	0.5	1	243 40
126	313	0.5	1	261 52
127	365	0.5	1	289 76
128	391	0.5	1	311 80
129	361	0.5	1	313 48
130	503	0.5	1	428 75
131	467	0.5	1	389 78
132	480	0.5	1	409 71
133	650	0.5	1	574 76
134	518	0.5	1	479 39
135	516	0.5	1	460 56
136	586	0.5	1	510 76
137	395	0.5	1	354 41
138	611	0.5	1	554 57
139	396	0.5	1	343 53
140	355	0.5	1	310 45
141	399	0.5	1	334 65
142	286	0.5	1	251 35
143	245	0.5	1	209 36
144	208	0.5	1	185 23
145	292	0.5	1	232 60
146	187	0.5	1	142 45
147	390	0.5	1	252 138
148	183	0.5	1	108 75
149	65	0.5	1	33 32
150	76	0.5	1	41 35

RUN STATISTICS FOR INPUT FILE: D4_2.fastq.gz
=============================================
34131858 sequences processed in total

Total number of sequences analysed for the sequence pair length validation: 34131858

Number of sequence pairs removed because at least one read was shorter than the length cutoff (20 bp): 31845 (0.09%)
