
SUMMARISING RUN PARAMETERS
==========================
Input filename: D5_2.fastq.gz
Trimming mode: paired-end
Trim Galore version: 0.6.10
Cutadapt version: 5.2
Python version: could not detect
Number of cores used for trimming: 8
Quality Phred score cutoff: 20
Quality encoding type selected: ASCII+33
Using Illumina adapter for trimming (count: 122701). Second best hit was smallRNA (count: 4)
Adapter sequence: 'AGATCGGAAGAGC' (Illumina TruSeq, Sanger iPCR; auto-detected)
Maximum trimming error rate: 0.1 (default)
Minimum required adapter overlap (stringency): 1 bp
Minimum required sequence length for both reads before a sequence pair gets removed: 20 bp
Running FastQC on the data once trimming has completed
Running FastQC with the following extra arguments: -t 12
Output file will be GZIP compressed


This is cutadapt 5.2 with Python 3.9.23
Command line parameters: -j 8 -e 0.1 -q 20 -O 1 -a AGATCGGAAGAGC D5_2.fastq.gz
Processing single-end reads on 8 cores ...

=== Summary ===

Total reads processed:              46,424,882
Reads with adapters:                21,751,359 (46.9%)
Reads written (passing filters):    46,424,882 (100.0%)

Total basepairs processed: 6,963,732,300 bp
Quality-trimmed:              12,927,577 bp (0.2%)
Total written (filtered):  6,713,972,682 bp (96.4%)

=== Adapter 1 ===

Sequence: AGATCGGAAGAGC; Type: regular 3'; Length: 13; Trimmed: 21751359 times

Minimum overlap: 1
No. of allowed errors:
1-9 bp: 0; 10-13 bp: 1

Bases preceding removed adapters:
  A: 24.9%
  C: 35.4%
  G: 28.9%
  T: 10.8%
  none/other: 0.0%

Overview of removed sequences
length	count	expect	max.err	error counts
1	8990680	11606220.5	0	8990680
2	3234175	2901555.1	0	3234175
3	1254983	725388.8	0	1254983
4	468424	181347.2	0	468424
5	315092	45336.8	0	315092
6	262523	11334.2	0	262523
7	245627	2833.5	0	245627
8	234053	708.4	0	234053
9	230222	177.1	0	224680 5542
10	229030	44.3	1	219991 9039
11	225565	11.1	1	216433 9132
12	228185	2.8	1	218810 9375
13	221583	0.7	1	212407 9176
14	220807	0.7	1	211099 9708
15	211859	0.7	1	202869 8990
16	196820	0.7	1	188230 8590
17	188858	0.7	1	180667 8191
18	178770	0.7	1	170778 7992
19	179231	0.7	1	170204 9027
20	219506	0.7	1	212509 6997
21	120274	0.7	1	113912 6362
22	157304	0.7	1	150607 6697
23	164276	0.7	1	156719 7557
24	187771	0.7	1	180105 7666
25	140620	0.7	1	134237 6383
26	147599	0.7	1	140988 6611
27	160908	0.7	1	154929 5979
28	116713	0.7	1	111534 5179
29	122502	0.7	1	117626 4876
30	109936	0.7	1	104939 4997
31	122189	0.7	1	117180 5009
32	111210	0.7	1	106176 5034
33	129665	0.7	1	124696 4969
34	106245	0.7	1	101662 4583
35	108009	0.7	1	103212 4797
36	115464	0.7	1	110462 5002
37	118693	0.7	1	114650 4043
38	78967	0.7	1	75443 3524
39	80944	0.7	1	77280 3664
40	93745	0.7	1	90510 3235
41	70944	0.7	1	67982 2962
42	68105	0.7	1	65007 3098
43	82088	0.7	1	78994 3094
44	72224	0.7	1	68702 3522
45	102326	0.7	1	99180 3146
46	57778	0.7	1	55046 2732
47	63541	0.7	1	60849 2692
48	64500	0.7	1	62064 2436
49	53875	0.7	1	51691 2184
50	49304	0.7	1	47304 2000
51	49284	0.7	1	47125 2159
52	57425	0.7	1	55518 1907
53	41246	0.7	1	39244 2002
54	54308	0.7	1	52235 2073
55	51246	0.7	1	49193 2053
56	47626	0.7	1	45415 2211
57	54731	0.7	1	52575 2156
58	50173	0.7	1	48678 1495
59	30613	0.7	1	29084 1529
60	36401	0.7	1	35105 1296
61	26757	0.7	1	25614 1143
62	30758	0.7	1	29688 1070
63	24386	0.7	1	23161 1225
64	33214	0.7	1	32081 1133
65	27809	0.7	1	26631 1178
66	29484	0.7	1	28240 1244
67	31446	0.7	1	30292 1154
68	23425	0.7	1	22489 936
69	18309	0.7	1	17316 993
70	26388	0.7	1	25653 735
71	11599	0.7	1	10912 687
72	17455	0.7	1	16653 802
73	18213	0.7	1	17391 822
74	20925	0.7	1	19942 983
75	23655	0.7	1	23231 424
76	8062	0.7	1	7403 659
77	13956	0.7	1	13236 720
78	14921	0.7	1	14282 639
79	13322	0.7	1	12748 574
80	11681	0.7	1	11171 510
81	10294	0.7	1	9871 423
82	9401	0.7	1	8987 414
83	8929	0.7	1	8523 406
84	8567	0.7	1	8213 354
85	8597	0.7	1	8231 366
86	8988	0.7	1	8578 410
87	8372	0.7	1	8011 361
88	7729	0.7	1	7363 366
89	6698	0.7	1	6407 291
90	5561	0.7	1	5300 261
91	4844	0.7	1	4581 263
92	4107	0.7	1	3928 179
93	3517	0.7	1	3328 189
94	3155	0.7	1	2987 168
95	3033	0.7	1	2838 195
96	3107	0.7	1	2898 209
97	3006	0.7	1	2803 203
98	2848	0.7	1	2688 160
99	2465	0.7	1	2302 163
100	2030	0.7	1	1901 129
101	1686	0.7	1	1587 99
102	1436	0.7	1	1325 111
103	1178	0.7	1	1076 102
104	1018	0.7	1	906 112
105	908	0.7	1	814 94
106	815	0.7	1	715 100
107	885	0.7	1	791 94
108	795	0.7	1	705 90
109	695	0.7	1	630 65
110	560	0.7	1	477 83
111	471	0.7	1	428 43
112	412	0.7	1	348 64
113	286	0.7	1	255 31
114	315	0.7	1	235 80
115	254	0.7	1	187 67
116	251	0.7	1	193 58
117	262	0.7	1	209 53
118	275	0.7	1	224 51
119	211	0.7	1	161 50
120	190	0.7	1	127 63
121	206	0.7	1	136 70
122	209	0.7	1	161 48
123	234	0.7	1	168 66
124	295	0.7	1	183 112
125	279	0.7	1	226 53
126	307	0.7	1	244 63
127	365	0.7	1	288 77
128	368	0.7	1	301 67
129	421	0.7	1	353 68
130	483	0.7	1	398 85
131	460	0.7	1	372 88
132	464	0.7	1	402 62
133	585	0.7	1	519 66
134	498	0.7	1	433 65
135	568	0.7	1	504 64
136	595	0.7	1	501 94
137	423	0.7	1	356 67
138	644	0.7	1	552 92
139	423	0.7	1	359 64
140	337	0.7	1	303 34
141	455	0.7	1	370 85
142	294	0.7	1	244 50
143	282	0.7	1	244 38
144	212	0.7	1	183 29
145	291	0.7	1	211 80
146	189	0.7	1	139 50
147	445	0.7	1	265 180
148	183	0.7	1	107 76
149	67	0.7	1	23 44
150	96	0.7	1	56 40

RUN STATISTICS FOR INPUT FILE: D5_2.fastq.gz
=============================================
46424882 sequences processed in total

Total number of sequences analysed for the sequence pair length validation: 46424882

Number of sequence pairs removed because at least one read was shorter than the length cutoff (20 bp): 42548 (0.09%)
