
SUMMARISING RUN PARAMETERS
==========================
Input filename: D6_1.fastq.gz
Trimming mode: paired-end
Trim Galore version: 0.6.10
Cutadapt version: 5.2
Python version: could not detect
Number of cores used for trimming: 4
Quality Phred score cutoff: 20
Quality encoding type selected: ASCII+33
Using Illumina adapter for trimming (count: 170435). Second best hit was smallRNA (count: 6)
Adapter sequence: 'AGATCGGAAGAGC' (Illumina TruSeq, Sanger iPCR; auto-detected)
Maximum trimming error rate: 0.1 (default)
Minimum required adapter overlap (stringency): 1 bp
Minimum required sequence length for both reads before a sequence pair gets removed: 20 bp
Running FastQC on the data once trimming has completed
Running FastQC with the following extra arguments: -t 8
Output file will be GZIP compressed


This is cutadapt 5.2 with Python 3.9.23
Command line parameters: -j 4 -e 0.1 -q 20 -O 1 -a AGATCGGAAGAGC D6_1.fastq.gz
Processing single-end reads on 4 cores ...

=== Summary ===

Total reads processed:              45,178,447
Reads with adapters:                22,232,639 (49.2%)
Reads written (passing filters):    45,178,447 (100.0%)

Total basepairs processed: 6,776,767,050 bp
Quality-trimmed:              11,221,737 bp (0.2%)
Total written (filtered):  6,470,268,274 bp (95.5%)

=== Adapter 1 ===

Sequence: AGATCGGAAGAGC; Type: regular 3'; Length: 13; Trimmed: 22232639 times

Minimum overlap: 1
No. of allowed errors:
1-9 bp: 0; 10-13 bp: 1

Bases preceding removed adapters:
  A: 20.1%
  C: 38.9%
  G: 26.4%
  T: 14.7%
  none/other: 0.0%

Overview of removed sequences
length	count	expect	max.err	error counts
1	7280869	11294611.8	0	7280869
2	2743778	2823652.9	0	2743778
3	1007695	705913.2	0	1007695
4	507114	176478.3	0	507114
5	411890	44119.6	0	411890
6	368854	11029.9	0	368854
7	348066	2757.5	0	348066
8	335025	689.4	0	335025
9	330121	172.3	0	324049 6072
10	326926	43.1	1	317193 9733
11	323886	10.8	1	313476 10410
12	325219	2.7	1	313957 11262
13	324959	0.7	1	312764 12195
14	316341	0.7	1	304488 11853
15	305230	0.7	1	293696 11534
16	287626	0.7	1	276607 11019
17	271542	0.7	1	261284 10258
18	256753	0.7	1	247396 9357
19	247423	0.7	1	238266 9157
20	242004	0.7	1	232904 9100
21	239757	0.7	1	230851 8906
22	239036	0.7	1	230243 8793
23	235996	0.7	1	227135 8861
24	232431	0.7	1	223764 8667
25	224729	0.7	1	216303 8426
26	212548	0.7	1	204645 7903
27	198145	0.7	1	190607 7538
28	184001	0.7	1	177154 6847
29	173201	0.7	1	166746 6455
30	164676	0.7	1	158607 6069
31	162679	0.7	1	156612 6067
32	163970	0.7	1	157858 6112
33	162369	0.7	1	156294 6075
34	162618	0.7	1	156562 6056
35	154563	0.7	1	148998 5565
36	147046	0.7	1	141439 5607
37	135588	0.7	1	130438 5150
38	124166	0.7	1	119597 4569
39	116216	0.7	1	111803 4413
40	109289	0.7	1	105075 4214
41	105705	0.7	1	101809 3896
42	106341	0.7	1	102133 4208
43	109089	0.7	1	103697 5392
44	141954	0.7	1	136949 5005
45	107732	0.7	1	102461 5271
46	148660	0.7	1	146340 2320
47	42821	0.7	1	32791 10030
48	308062	0.7	1	301732 6330
49	150644	0.7	1	148449 2195
50	40974	0.7	1	38942 2032
51	54067	0.7	1	50462 3605
52	116125	0.7	1	115002 1123
53	22018	0.7	1	20059 1959
54	61898	0.7	1	61025 873
55	17658	0.7	1	16327 1331
56	38024	0.7	1	37238 786
57	19222	0.7	1	17984 1238
58	31667	0.7	1	28759 2908
59	81224	0.7	1	80385 839
60	15047	0.7	1	13546 1501
61	43038	0.7	1	42655 383
62	2695	0.7	1	2421 274
63	5787	0.7	1	5115 672
64	22610	0.7	1	21203 1407
65	45521	0.7	1	45159 362
66	2945	0.7	1	2722 223
67	1874	0.7	1	1373 501
68	12399	0.7	1	11858 541
69	14133	0.7	1	13498 635
70	14863	0.7	1	14434 429
71	8352	0.7	1	8156 196
72	3240	0.7	1	2988 252
73	5966	0.7	1	5529 437
74	13322	0.7	1	12797 525
75	16781	0.7	1	15984 797
76	17768	0.7	1	17094 674
77	16581	0.7	1	15866 715
78	15093	0.7	1	14330 763
79	12853	0.7	1	12359 494
80	10977	0.7	1	10542 435
81	9489	0.7	1	9163 326
82	8640	0.7	1	8311 329
83	7740	0.7	1	7409 331
84	7476	0.7	1	7158 318
85	7678	0.7	1	7342 336
86	7575	0.7	1	7268 307
87	7465	0.7	1	7021 444
88	6582	0.7	1	6279 303
89	5529	0.7	1	5284 245
90	4686	0.7	1	4470 216
91	4115	0.7	1	3761 354
92	3452	0.7	1	3227 225
93	2892	0.7	1	2715 177
94	2622	0.7	1	2394 228
95	2467	0.7	1	2228 239
96	2227	0.7	1	2087 140
97	2256	0.7	1	2103 153
98	2162	0.7	1	2051 111
99	1765	0.7	1	1677 88
100	1475	0.7	1	1393 82
101	1309	0.7	1	1192 117
102	1067	0.7	1	993 74
103	901	0.7	1	781 120
104	756	0.7	1	669 87
105	710	0.7	1	571 139
106	625	0.7	1	509 116
107	669	0.7	1	546 123
108	652	0.7	1	496 156
109	490	0.7	1	418 72
110	367	0.7	1	319 48
111	317	0.7	1	251 66
112	293	0.7	1	209 84
113	256	0.7	1	167 89
114	286	0.7	1	125 161
115	236	0.7	1	123 113
116	146	0.7	1	91 55
117	184	0.7	1	124 60
118	201	0.7	1	118 83
119	207	0.7	1	96 111
120	204	0.7	1	128 76
121	206	0.7	1	100 106
122	157	0.7	1	83 74
123	210	0.7	1	102 108
124	296	0.7	1	118 178
125	272	0.7	1	142 130
126	293	0.7	1	164 129
127	316	0.7	1	199 117
128	289	0.7	1	178 111
129	385	0.7	1	206 179
130	358	0.7	1	256 102
131	350	0.7	1	272 78
132	386	0.7	1	305 81
133	374	0.7	1	325 49
134	358	0.7	1	296 62
135	318	0.7	1	267 51
136	365	0.7	1	311 54
137	310	0.7	1	230 80
138	372	0.7	1	337 35
139	291	0.7	1	242 49
140	264	0.7	1	208 56
141	347	0.7	1	244 103
142	428	0.7	1	176 252
143	267	0.7	1	170 97
144	332	0.7	1	157 175
145	373	0.7	1	189 184
146	194	0.7	1	140 54
147	301	0.7	1	217 84
148	124	0.7	1	81 43
149	62	0.7	1	24 38
150	5797	0.7	1	35 5762

RUN STATISTICS FOR INPUT FILE: D6_1.fastq.gz
=============================================
45178447 sequences processed in total

