
SUMMARISING RUN PARAMETERS
==========================
Input filename: D6_2.fastq.gz
Trimming mode: paired-end
Trim Galore version: 0.6.10
Cutadapt version: 5.2
Python version: could not detect
Number of cores used for trimming: 4
Quality Phred score cutoff: 20
Quality encoding type selected: ASCII+33
Using Illumina adapter for trimming (count: 170435). Second best hit was smallRNA (count: 6)
Adapter sequence: 'AGATCGGAAGAGC' (Illumina TruSeq, Sanger iPCR; auto-detected)
Maximum trimming error rate: 0.1 (default)
Minimum required adapter overlap (stringency): 1 bp
Minimum required sequence length for both reads before a sequence pair gets removed: 20 bp
Running FastQC on the data once trimming has completed
Running FastQC with the following extra arguments: -t 8
Output file will be GZIP compressed


This is cutadapt 5.2 with Python 3.9.23
Command line parameters: -j 4 -e 0.1 -q 20 -O 1 -a AGATCGGAAGAGC D6_2.fastq.gz
Processing single-end reads on 4 cores ...

=== Summary ===

Total reads processed:              45,178,447
Reads with adapters:                23,593,581 (52.2%)
Reads written (passing filters):    45,178,447 (100.0%)

Total basepairs processed: 6,776,767,050 bp
Quality-trimmed:              12,465,162 bp (0.2%)
Total written (filtered):  6,465,719,536 bp (95.4%)

=== Adapter 1 ===

Sequence: AGATCGGAAGAGC; Type: regular 3'; Length: 13; Trimmed: 23593581 times

Minimum overlap: 1
No. of allowed errors:
1-9 bp: 0; 10-13 bp: 1

Bases preceding removed adapters:
  A: 23.4%
  C: 36.3%
  G: 30.1%
  T: 10.2%
  none/other: 0.0%

Overview of removed sequences
length	count	expect	max.err	error counts
1	8066398	11294611.8	0	8066398
2	3005049	2823652.9	0	3005049
3	1282366	705913.2	0	1282366
4	558644	176478.3	0	558644
5	421036	44119.6	0	421036
6	371059	11029.9	0	371059
7	348638	2757.5	0	348638
8	335268	689.4	0	335268
9	330635	172.3	0	322998 7637
10	329651	43.1	1	317421 12230
11	324543	10.8	1	311820 12723
12	331219	2.7	1	317961 13258
13	319911	0.7	1	306471 13440
14	317677	0.7	1	303760 13917
15	307684	0.7	1	294443 13241
16	283991	0.7	1	271594 12397
17	272679	0.7	1	260709 11970
18	259415	0.7	1	247215 12200
19	292281	0.7	1	279361 12920
20	258075	0.7	1	248490 9585
21	197685	0.7	1	188286 9399
22	225648	0.7	1	215544 10104
23	236542	0.7	1	225527 11015
24	271816	0.7	1	260787 11029
25	199581	0.7	1	190269 9312
26	213822	0.7	1	203875 9947
27	237797	0.7	1	228959 8838
28	170834	0.7	1	163022 7812
29	173309	0.7	1	166091 7218
30	169213	0.7	1	162236 6977
31	148215	0.7	1	141538 6677
32	165836	0.7	1	158823 7013
33	157383	0.7	1	149003 8380
34	251239	0.7	1	245086 6153
35	87004	0.7	1	80612 6392
36	168458	0.7	1	162620 5838
37	116833	0.7	1	111188 5645
38	130781	0.7	1	126242 4539
39	94290	0.7	1	88921 5369
40	153877	0.7	1	149842 4035
41	68409	0.7	1	64550 3859
42	90612	0.7	1	86402 4210
43	109043	0.7	1	105007 4036
44	93823	0.7	1	88698 5125
45	142793	0.7	1	138821 3972
46	68768	0.7	1	65294 3474
47	77699	0.7	1	74071 3628
48	84523	0.7	1	81311 3212
49	68213	0.7	1	65486 2727
50	62494	0.7	1	59879 2615
51	61262	0.7	1	58314 2948
52	76794	0.7	1	74572 2222
53	45375	0.7	1	42898 2477
54	65003	0.7	1	62334 2669
55	64839	0.7	1	62388 2451
56	54603	0.7	1	51989 2614
57	59915	0.7	1	57508 2407
58	55135	0.7	1	53224 1911
59	41200	0.7	1	39532 1668
60	35707	0.7	1	34135 1572
61	33834	0.7	1	32213 1621
62	43956	0.7	1	42720 1236
63	24635	0.7	1	23239 1396
64	40439	0.7	1	39208 1231
65	28818	0.7	1	27418 1400
66	32779	0.7	1	31334 1445
67	35886	0.7	1	34659 1227
68	23778	0.7	1	22746 1032
69	18968	0.7	1	17807 1161
70	28999	0.7	1	28216 783
71	10726	0.7	1	9989 737
72	17868	0.7	1	17082 786
73	18763	0.7	1	17916 847
74	21227	0.7	1	20235 992
75	25180	0.7	1	24740 440
76	8603	0.7	1	7977 626
77	12728	0.7	1	12098 630
78	14459	0.7	1	13823 636
79	12745	0.7	1	12168 577
80	10955	0.7	1	10479 476
81	9474	0.7	1	9025 449
82	8682	0.7	1	8292 390
83	7740	0.7	1	7392 348
84	7560	0.7	1	7234 326
85	7642	0.7	1	7297 345
86	7634	0.7	1	7277 357
87	7367	0.7	1	7045 322
88	6574	0.7	1	6281 293
89	5596	0.7	1	5339 257
90	4733	0.7	1	4509 224
91	3994	0.7	1	3784 210
92	3380	0.7	1	3221 159
93	2872	0.7	1	2732 140
94	2556	0.7	1	2405 151
95	2411	0.7	1	2257 154
96	2257	0.7	1	2106 151
97	2290	0.7	1	2108 182
98	2207	0.7	1	2052 155
99	1802	0.7	1	1690 112
100	1507	0.7	1	1411 96
101	1301	0.7	1	1208 93
102	1085	0.7	1	987 98
103	887	0.7	1	800 87
104	763	0.7	1	692 71
105	654	0.7	1	563 91
106	601	0.7	1	521 80
107	625	0.7	1	563 62
108	585	0.7	1	509 76
109	493	0.7	1	426 67
110	391	0.7	1	337 54
111	298	0.7	1	263 35
112	286	0.7	1	236 50
113	214	0.7	1	179 35
114	234	0.7	1	145 89
115	187	0.7	1	133 54
116	143	0.7	1	102 41
117	191	0.7	1	134 57
118	188	0.7	1	136 52
119	144	0.7	1	107 37
120	208	0.7	1	141 67
121	181	0.7	1	110 71
122	136	0.7	1	90 46
123	175	0.7	1	120 55
124	205	0.7	1	125 80
125	221	0.7	1	154 67
126	255	0.7	1	180 75
127	314	0.7	1	214 100
128	254	0.7	1	188 66
129	301	0.7	1	222 79
130	352	0.7	1	273 79
131	356	0.7	1	281 75
132	385	0.7	1	321 64
133	386	0.7	1	333 53
134	351	0.7	1	295 56
135	341	0.7	1	279 62
136	415	0.7	1	309 106
137	297	0.7	1	241 56
138	411	0.7	1	333 78
139	294	0.7	1	237 57
140	259	0.7	1	210 49
141	309	0.7	1	246 63
142	218	0.7	1	176 42
143	203	0.7	1	171 32
144	189	0.7	1	161 28
145	253	0.7	1	176 77
146	182	0.7	1	135 47
147	369	0.7	1	192 177
148	142	0.7	1	74 68
149	57	0.7	1	20 37
150	76	0.7	1	32 44

RUN STATISTICS FOR INPUT FILE: D6_2.fastq.gz
=============================================
45178447 sequences processed in total

Total number of sequences analysed for the sequence pair length validation: 45178447

Number of sequence pairs removed because at least one read was shorter than the length cutoff (20 bp): 35349 (0.08%)
