
SUMMARISING RUN PARAMETERS
==========================
Input filename: D7_1.fastq.gz
Trimming mode: paired-end
Trim Galore version: 0.6.10
Cutadapt version: 5.2
Python version: could not detect
Number of cores used for trimming: 8
Quality Phred score cutoff: 20
Quality encoding type selected: ASCII+33
Using Illumina adapter for trimming (count: 99875). Second best hit was smallRNA (count: 6)
Adapter sequence: 'AGATCGGAAGAGC' (Illumina TruSeq, Sanger iPCR; auto-detected)
Maximum trimming error rate: 0.1 (default)
Minimum required adapter overlap (stringency): 1 bp
Minimum required sequence length for both reads before a sequence pair gets removed: 20 bp
Running FastQC on the data once trimming has completed
Running FastQC with the following extra arguments: -t 12
Output file will be GZIP compressed


This is cutadapt 5.2 with Python 3.9.23
Command line parameters: -j 8 -e 0.1 -q 20 -O 1 -a AGATCGGAAGAGC D7_1.fastq.gz
Processing single-end reads on 8 cores ...

=== Summary ===

Total reads processed:              46,424,193
Reads with adapters:                19,036,255 (41.0%)
Reads written (passing filters):    46,424,193 (100.0%)

Total basepairs processed: 6,963,628,950 bp
Quality-trimmed:              12,118,865 bp (0.2%)
Total written (filtered):  6,748,869,078 bp (96.9%)

=== Adapter 1 ===

Sequence: AGATCGGAAGAGC; Type: regular 3'; Length: 13; Trimmed: 19036255 times

Minimum overlap: 1
No. of allowed errors:
1-9 bp: 0; 10-13 bp: 1

Bases preceding removed adapters:
  A: 22.2%
  C: 38.3%
  G: 24.6%
  T: 14.9%
  none/other: 0.1%

Overview of removed sequences
length	count	expect	max.err	error counts
1	8564088	11606048.2	0	8564088
2	3028010	2901512.1	0	3028010
3	911533	725378.0	0	911533
4	341399	181344.5	0	341399
5	230633	45336.1	0	230633
6	189197	11334.0	0	189197
7	177012	2833.5	0	177012
8	169552	708.4	0	169552
9	167556	177.1	0	163814 3742
10	164686	44.3	1	159249 5437
11	162799	11.1	1	157319 5480
12	162574	2.8	1	156738 5836
13	163312	0.7	1	157015 6297
14	158426	0.7	1	152374 6052
15	153692	0.7	1	147617 6075
16	146203	0.7	1	140481 5722
17	137347	0.7	1	132014 5333
18	129587	0.7	1	124796 4791
19	125383	0.7	1	120642 4741
20	122929	0.7	1	118238 4691
21	122687	0.7	1	117837 4850
22	122537	0.7	1	117945 4592
23	122570	0.7	1	117787 4783
24	120638	0.7	1	116044 4594
25	117038	0.7	1	112341 4697
26	111827	0.7	1	107541 4286
27	105072	0.7	1	101136 3936
28	98024	0.7	1	94088 3936
29	93557	0.7	1	89948 3609
30	89094	0.7	1	85730 3364
31	89214	0.7	1	85823 3391
32	90670	0.7	1	87137 3533
33	91097	0.7	1	87513 3584
34	91700	0.7	1	88224 3476
35	88150	0.7	1	84754 3396
36	85688	0.7	1	82205 3483
37	78957	0.7	1	75876 3081
38	73494	0.7	1	70677 2817
39	69116	0.7	1	66394 2722
40	66832	0.7	1	64290 2542
41	64075	0.7	1	61621 2454
42	66170	0.7	1	63496 2674
43	68854	0.7	1	65343 3511
44	92171	0.7	1	88736 3435
45	69646	0.7	1	65994 3652
46	96227	0.7	1	94140 2087
47	42716	0.7	1	32612 10104
48	314040	0.7	1	307050 6990
49	174114	0.7	1	171942 2172
50	42990	0.7	1	41783 1207
51	28432	0.7	1	26454 1978
52	60800	0.7	1	60268 532
53	8864	0.7	1	7774 1090
54	34980	0.7	1	34652 328
55	3794	0.7	1	3133 661
56	15870	0.7	1	15551 319
57	6117	0.7	1	5210 907
58	20484	0.7	1	18741 1743
59	46849	0.7	1	46369 480
60	5274	0.7	1	4359 915
61	24686	0.7	1	24385 301
62	2687	0.7	1	2506 181
63	2512	0.7	1	1854 658
64	18328	0.7	1	17263 1065
65	30922	0.7	1	30517 405
66	5835	0.7	1	5654 181
67	1276	0.7	1	1006 270
68	5847	0.7	1	5399 448
69	10954	0.7	1	10481 473
70	11990	0.7	1	11614 376
71	6953	0.7	1	6749 204
72	3036	0.7	1	2765 271
73	5537	0.7	1	5075 462
74	13922	0.7	1	13328 594
75	18489	0.7	1	17580 909
76	19806	0.7	1	19032 774
77	19674	0.7	1	18857 817
78	17641	0.7	1	16866 775
79	15194	0.7	1	14654 540
80	13380	0.7	1	12912 468
81	11835	0.7	1	11375 460
82	10834	0.7	1	10376 458
83	10576	0.7	1	10174 402
84	10125	0.7	1	9703 422
85	10207	0.7	1	9734 473
86	10698	0.7	1	10253 445
87	10772	0.7	1	10188 584
88	9536	0.7	1	9163 373
89	8422	0.7	1	8124 298
90	7225	0.7	1	6876 349
91	6460	0.7	1	5993 467
92	5544	0.7	1	5235 309
93	4784	0.7	1	4492 292
94	4339	0.7	1	4047 292
95	4242	0.7	1	3937 305
96	4052	0.7	1	3841 211
97	4172	0.7	1	3940 232
98	3641	0.7	1	3480 161
99	3400	0.7	1	3226 174
100	2784	0.7	1	2609 175
101	2495	0.7	1	2357 138
102	2068	0.7	1	1952 116
103	1762	0.7	1	1644 118
104	1573	0.7	1	1458 115
105	1371	0.7	1	1202 169
106	1335	0.7	1	1190 145
107	1415	0.7	1	1297 118
108	1345	0.7	1	1186 159
109	1176	0.7	1	1059 117
110	887	0.7	1	794 93
111	670	0.7	1	575 95
112	636	0.7	1	540 96
113	457	0.7	1	362 95
114	472	0.7	1	322 150
115	392	0.7	1	260 132
116	371	0.7	1	295 76
117	390	0.7	1	308 82
118	403	0.7	1	325 78
119	388	0.7	1	265 123
120	301	0.7	1	201 100
121	336	0.7	1	227 109
122	337	0.7	1	222 115
123	312	0.7	1	227 85
124	441	0.7	1	262 179
125	428	0.7	1	322 106
126	474	0.7	1	348 126
127	486	0.7	1	365 121
128	537	0.7	1	406 131
129	661	0.7	1	484 177
130	703	0.7	1	581 122
131	665	0.7	1	572 93
132	680	0.7	1	595 85
133	852	0.7	1	778 74
134	734	0.7	1	643 91
135	682	0.7	1	616 66
136	828	0.7	1	752 76
137	619	0.7	1	547 72
138	798	0.7	1	741 57
139	588	0.7	1	522 66
140	539	0.7	1	481 58
141	637	0.7	1	520 117
142	494	0.7	1	329 165
143	407	0.7	1	341 66
144	394	0.7	1	275 119
145	450	0.7	1	296 154
146	279	0.7	1	226 53
147	479	0.7	1	399 80
148	173	0.7	1	129 44
149	120	0.7	1	47 73
150	12551	0.7	1	60 12491

RUN STATISTICS FOR INPUT FILE: D7_1.fastq.gz
=============================================
46424193 sequences processed in total

