
SUMMARISING RUN PARAMETERS
==========================
Input filename: D8_1.fastq.gz
Trimming mode: paired-end
Trim Galore version: 0.6.10
Cutadapt version: 5.2
Python version: could not detect
Number of cores used for trimming: 8
Quality Phred score cutoff: 20
Quality encoding type selected: ASCII+33
Using Illumina adapter for trimming (count: 102570). Second best hit was smallRNA (count: 10)
Adapter sequence: 'AGATCGGAAGAGC' (Illumina TruSeq, Sanger iPCR; auto-detected)
Maximum trimming error rate: 0.1 (default)
Minimum required adapter overlap (stringency): 1 bp
Minimum required sequence length for both reads before a sequence pair gets removed: 20 bp
Running FastQC on the data once trimming has completed
Running FastQC with the following extra arguments: -t 12
Output file will be GZIP compressed


This is cutadapt 5.2 with Python 3.9.23
Command line parameters: -j 8 -e 0.1 -q 20 -O 1 -a AGATCGGAAGAGC D8_1.fastq.gz
Processing single-end reads on 8 cores ...

=== Summary ===

Total reads processed:              31,264,138
Reads with adapters:                12,848,220 (41.1%)
Reads written (passing filters):    31,264,138 (100.0%)

Total basepairs processed: 4,689,620,700 bp
Quality-trimmed:               6,962,460 bp (0.1%)
Total written (filtered):  4,543,870,056 bp (96.9%)

=== Adapter 1 ===

Sequence: AGATCGGAAGAGC; Type: regular 3'; Length: 13; Trimmed: 12848220 times

Minimum overlap: 1
No. of allowed errors:
1-9 bp: 0; 10-13 bp: 1

Bases preceding removed adapters:
  A: 22.3%
  C: 38.4%
  G: 24.6%
  T: 14.8%
  none/other: 0.1%

Overview of removed sequences
length	count	expect	max.err	error counts
1	5764890	7816034.5	0	5764890
2	2033084	1954008.6	0	2033084
3	614610	488502.2	0	614610
4	231168	122125.5	0	231168
5	157428	30531.4	0	157428
6	128896	7632.8	0	128896
7	119808	1908.2	0	119808
8	114576	477.1	0	114576
9	113538	119.3	0	110946 2592
10	112498	29.8	1	108692 3806
11	111260	7.5	1	107194 4066
12	110678	1.9	1	106656 4022
13	110658	0.5	1	106204 4454
14	106880	0.5	1	102728 4152
15	104388	0.5	1	100242 4146
16	98572	0.5	1	94812 3760
17	93310	0.5	1	89558 3752
18	87658	0.5	1	84420 3238
19	85944	0.5	1	82582 3362
20	82908	0.5	1	79660 3248
21	81384	0.5	1	77946 3438
22	82272	0.5	1	79126 3146
23	82340	0.5	1	79010 3330
24	81306	0.5	1	78142 3164
25	79028	0.5	1	75738 3290
26	75758	0.5	1	72854 2904
27	70580	0.5	1	67696 2884
28	66500	0.5	1	63786 2714
29	64160	0.5	1	61510 2650
30	60362	0.5	1	58024 2338
31	60618	0.5	1	58128 2490
32	60716	0.5	1	58280 2436
33	61190	0.5	1	58842 2348
34	60806	0.5	1	58354 2452
35	60276	0.5	1	57878 2398
36	58096	0.5	1	55672 2424
37	53520	0.5	1	51280 2240
38	49738	0.5	1	47646 2092
39	46718	0.5	1	45002 1716
40	44224	0.5	1	42434 1790
41	43970	0.5	1	42170 1800
42	44366	0.5	1	42554 1812
43	45794	0.5	1	43538 2256
44	59970	0.5	1	57494 2476
45	46322	0.5	1	43488 2834
46	76712	0.5	1	75432 1280
47	21978	0.5	1	17072 4906
48	145960	0.5	1	142672 3288
49	76230	0.5	1	75160 1070
50	19492	0.5	1	18276 1216
51	32528	0.5	1	30750 1778
52	57268	0.5	1	56672 596
53	10190	0.5	1	9238 952
54	31368	0.5	1	30904 464
55	9314	0.5	1	8302 1012
56	25336	0.5	1	24836 500
57	10914	0.5	1	10150 764
58	19072	0.5	1	17326 1746
59	48098	0.5	1	47456 642
60	9744	0.5	1	8662 1082
61	31062	0.5	1	30812 250
62	1656	0.5	1	1468 188
63	3780	0.5	1	3290 490
64	15016	0.5	1	14086 930
65	30136	0.5	1	29870 266
66	2294	0.5	1	2190 104
67	1032	0.5	1	754 278
68	7118	0.5	1	6748 370
69	8842	0.5	1	8442 400
70	9930	0.5	1	9600 330
71	5984	0.5	1	5806 178
72	2722	0.5	1	2534 188
73	3564	0.5	1	3276 288
74	8702	0.5	1	8280 422
75	11868	0.5	1	11198 670
76	13348	0.5	1	12846 502
77	13176	0.5	1	12624 552
78	11578	0.5	1	11024 554
79	10408	0.5	1	9994 414
80	9088	0.5	1	8756 332
81	8180	0.5	1	7862 318
82	7530	0.5	1	7224 306
83	7006	0.5	1	6702 304
84	6868	0.5	1	6570 298
85	7098	0.5	1	6796 302
86	7360	0.5	1	7092 268
87	7336	0.5	1	6888 448
88	6594	0.5	1	6336 258
89	5608	0.5	1	5364 244
90	4948	0.5	1	4684 264
91	4472	0.5	1	4168 304
92	3668	0.5	1	3452 216
93	3272	0.5	1	3082 190
94	2890	0.5	1	2628 262
95	2758	0.5	1	2562 196
96	2702	0.5	1	2554 148
97	2552	0.5	1	2402 150
98	2592	0.5	1	2492 100
99	2390	0.5	1	2300 90
100	1902	0.5	1	1766 136
101	1668	0.5	1	1566 102
102	1454	0.5	1	1370 84
103	1144	0.5	1	1046 98
104	1040	0.5	1	954 86
105	932	0.5	1	828 104
106	920	0.5	1	818 102
107	984	0.5	1	844 140
108	868	0.5	1	760 108
109	702	0.5	1	648 54
110	574	0.5	1	512 62
111	424	0.5	1	350 74
112	408	0.5	1	324 84
113	318	0.5	1	250 68
114	344	0.5	1	232 112
115	272	0.5	1	172 100
116	274	0.5	1	212 62
117	314	0.5	1	260 54
118	280	0.5	1	234 46
119	290	0.5	1	218 72
120	246	0.5	1	176 70
121	282	0.5	1	184 98
122	222	0.5	1	170 52
123	294	0.5	1	236 58
124	328	0.5	1	220 108
125	376	0.5	1	310 66
126	402	0.5	1	296 106
127	398	0.5	1	318 80
128	428	0.5	1	320 108
129	496	0.5	1	396 100
130	610	0.5	1	534 76
131	576	0.5	1	512 64
132	570	0.5	1	514 56
133	716	0.5	1	676 40
134	606	0.5	1	542 64
135	656	0.5	1	598 58
136	692	0.5	1	628 64
137	550	0.5	1	492 58
138	642	0.5	1	586 56
139	440	0.5	1	390 50
140	468	0.5	1	424 44
141	500	0.5	1	440 60
142	372	0.5	1	284 88
143	316	0.5	1	272 44
144	288	0.5	1	212 76
145	324	0.5	1	246 78
146	204	0.5	1	176 28
147	348	0.5	1	290 58
148	128	0.5	1	106 22
149	90	0.5	1	32 58
150	6442	0.5	1	50 6392

RUN STATISTICS FOR INPUT FILE: D8_1.fastq.gz
=============================================
31264138 sequences processed in total

