
SUMMARISING RUN PARAMETERS
==========================
Input filename: D9_2.fastq.gz
Trimming mode: paired-end
Trim Galore version: 0.6.10
Cutadapt version: 5.2
Python version: could not detect
Number of cores used for trimming: 8
Quality Phred score cutoff: 20
Quality encoding type selected: ASCII+33
Using Illumina adapter for trimming (count: 105756). Second best hit was smallRNA (count: 7)
Adapter sequence: 'AGATCGGAAGAGC' (Illumina TruSeq, Sanger iPCR; auto-detected)
Maximum trimming error rate: 0.1 (default)
Minimum required adapter overlap (stringency): 1 bp
Minimum required sequence length for both reads before a sequence pair gets removed: 20 bp
Running FastQC on the data once trimming has completed
Running FastQC with the following extra arguments: -t 12
Output file will be GZIP compressed


This is cutadapt 5.2 with Python 3.9.23
Command line parameters: -j 8 -e 0.1 -q 20 -O 1 -a AGATCGGAAGAGC D9_2.fastq.gz
Processing single-end reads on 8 cores ...

=== Summary ===

Total reads processed:              45,919,571
Reads with adapters:                20,581,482 (44.8%)
Reads written (passing filters):    45,919,571 (100.0%)

Total basepairs processed: 6,887,935,650 bp
Quality-trimmed:              12,356,898 bp (0.2%)
Total written (filtered):  6,655,456,269 bp (96.6%)

=== Adapter 1 ===

Sequence: AGATCGGAAGAGC; Type: regular 3'; Length: 13; Trimmed: 20581482 times

Minimum overlap: 1
No. of allowed errors:
1-9 bp: 0; 10-13 bp: 1

Bases preceding removed adapters:
  A: 25.8%
  C: 35.0%
  G: 27.8%
  T: 11.3%
  none/other: 0.0%

Overview of removed sequences
length	count	expect	max.err	error counts
1	9224259	11479892.8	0	9224259
2	3261168	2869973.2	0	3261168
3	1216495	717493.3	0	1216495
4	408732	179373.3	0	408732
5	251622	44843.3	0	251622
6	199458	11210.8	0	199458
7	186196	2802.7	0	186196
8	177897	700.7	0	177897
9	176082	175.2	0	173020 3062
10	174887	43.8	1	169686 5201
11	173934	10.9	1	168847 5087
12	175149	2.7	1	170517 4632
13	169602	0.7	1	165168 4434
14	166437	0.7	1	161784 4653
15	161080	0.7	1	156464 4616
16	149453	0.7	1	145220 4233
17	142929	0.7	1	138939 3990
18	136582	0.7	1	132422 4160
19	154074	0.7	1	149212 4862
20	139210	0.7	1	135796 3414
21	105189	0.7	1	102241 2948
22	120852	0.7	1	117609 3243
23	127110	0.7	1	123418 3692
24	142441	0.7	1	138358 4083
25	108408	0.7	1	105363 3045
26	113867	0.7	1	110518 3349
27	130711	0.7	1	127587 3124
28	87511	0.7	1	84783 2728
29	100030	0.7	1	97535 2495
30	87507	0.7	1	85049 2458
31	89781	0.7	1	87406 2375
32	89681	0.7	1	87266 2415
33	91259	0.7	1	88169 3090
34	160260	0.7	1	157645 2615
35	44788	0.7	1	42682 2106
36	87662	0.7	1	85386 2276
37	86007	0.7	1	84137 1870
38	54037	0.7	1	52248 1789
39	74990	0.7	1	73112 1878
40	65602	0.7	1	63772 1830
41	72943	0.7	1	71396 1547
42	53434	0.7	1	51835 1599
43	71121	0.7	1	69435 1686
44	59212	0.7	1	57200 2012
45	97158	0.7	1	95500 1658
46	44336	0.7	1	42981 1355
47	52335	0.7	1	50977 1358
48	55177	0.7	1	53875 1302
49	45999	0.7	1	44880 1119
50	42573	0.7	1	41472 1101
51	43231	0.7	1	42004 1227
52	56577	0.7	1	55506 1071
53	33251	0.7	1	32128 1123
54	49153	0.7	1	47935 1218
55	49026	0.7	1	47865 1161
56	41445	0.7	1	40276 1169
57	49895	0.7	1	48573 1322
58	52559	0.7	1	51661 898
59	28931	0.7	1	28108 823
60	32379	0.7	1	31645 734
61	25538	0.7	1	24804 734
62	35512	0.7	1	34843 669
63	21192	0.7	1	20489 703
64	36283	0.7	1	35587 696
65	26204	0.7	1	25435 769
66	30098	0.7	1	29274 824
67	34876	0.7	1	34148 728
68	22991	0.7	1	22394 597
69	17930	0.7	1	17233 697
70	31273	0.7	1	30777 496
71	10405	0.7	1	9884 521
72	20040	0.7	1	19530 510
73	22516	0.7	1	21913 603
74	26624	0.7	1	25870 754
75	32050	0.7	1	31701 349
76	9834	0.7	1	9373 461
77	16402	0.7	1	15935 467
78	19299	0.7	1	18790 509
79	17912	0.7	1	17437 475
80	16449	0.7	1	16026 423
81	15053	0.7	1	14643 410
82	14172	0.7	1	13766 406
83	13613	0.7	1	13254 359
84	13657	0.7	1	13267 390
85	14339	0.7	1	13953 386
86	15175	0.7	1	14806 369
87	14921	0.7	1	14519 402
88	13698	0.7	1	13338 360
89	12241	0.7	1	11951 290
90	11153	0.7	1	10845 308
91	9725	0.7	1	9455 270
92	8929	0.7	1	8696 233
93	7754	0.7	1	7522 232
94	7422	0.7	1	7195 227
95	7000	0.7	1	6794 206
96	7216	0.7	1	6950 266
97	7468	0.7	1	7218 250
98	7054	0.7	1	6833 221
99	6258	0.7	1	6066 192
100	5490	0.7	1	5309 181
101	4668	0.7	1	4520 148
102	4052	0.7	1	3928 124
103	3621	0.7	1	3468 153
104	3101	0.7	1	2965 136
105	2702	0.7	1	2575 127
106	2682	0.7	1	2549 133
107	2759	0.7	1	2661 98
108	2545	0.7	1	2430 115
109	2090	0.7	1	1988 102
110	1728	0.7	1	1635 93
111	1443	0.7	1	1382 61
112	1055	0.7	1	994 61
113	822	0.7	1	771 51
114	633	0.7	1	547 86
115	581	0.7	1	512 69
116	564	0.7	1	497 67
117	614	0.7	1	555 59
118	622	0.7	1	572 50
119	452	0.7	1	403 49
120	361	0.7	1	289 72
121	368	0.7	1	307 61
122	328	0.7	1	282 46
123	316	0.7	1	262 54
124	377	0.7	1	293 84
125	416	0.7	1	358 58
126	525	0.7	1	437 88
127	541	0.7	1	458 83
128	549	0.7	1	461 88
129	580	0.7	1	514 66
130	731	0.7	1	620 111
131	721	0.7	1	637 84
132	658	0.7	1	602 56
133	835	0.7	1	760 75
134	736	0.7	1	671 65
135	732	0.7	1	676 56
136	841	0.7	1	747 94
137	577	0.7	1	522 55
138	833	0.7	1	763 70
139	572	0.7	1	510 62
140	503	0.7	1	440 63
141	547	0.7	1	469 78
142	404	0.7	1	344 60
143	363	0.7	1	305 58
144	313	0.7	1	276 37
145	348	0.7	1	282 66
146	267	0.7	1	208 59
147	522	0.7	1	319 203
148	216	0.7	1	105 111
149	66	0.7	1	30 36
150	162	0.7	1	74 88

RUN STATISTICS FOR INPUT FILE: D9_2.fastq.gz
=============================================
45919571 sequences processed in total

Total number of sequences analysed for the sequence pair length validation: 45919571

Number of sequence pairs removed because at least one read was shorter than the length cutoff (20 bp): 55615 (0.12%)
