## htsjdk.samtools.metrics.StringHeader
# MarkDuplicates --INPUT D4.sorted.bam --OUTPUT D4.markdup.sorted.bam --METRICS_FILE D4.markdup.sorted.MarkDuplicates.metrics.txt --REMOVE_DUPLICATES false --ASSUME_SORTED true --TMP_DIR tmp --VALIDATION_STRINGENCY LENIENT --REFERENCE_SEQUENCE Mus_musculus.fasta --MAX_SEQUENCES_FOR_DISK_READ_ENDS_MAP 50000 --MAX_FILE_HANDLES_FOR_READ_ENDS_MAP 8000 --SORTING_COLLECTION_SIZE_RATIO 0.25 --TAG_DUPLICATE_SET_MEMBERS false --REMOVE_SEQUENCING_DUPLICATES false --TAGGING_POLICY DontTag --CLEAR_DT true --DUPLEX_UMI false --FLOW_MODE false --FLOW_DUP_STRATEGY FLOW_QUALITY_SUM_STRATEGY --FLOW_USE_END_IN_UNPAIRED_READS false --FLOW_USE_UNPAIRED_CLIPPED_END false --FLOW_UNPAIRED_END_UNCERTAINTY 0 --FLOW_UNPAIRED_START_UNCERTAINTY 0 --FLOW_SKIP_FIRST_N_FLOWS 0 --FLOW_Q_IS_KNOWN_END false --FLOW_EFFECTIVE_QUALITY_THRESHOLD 15 --ADD_PG_TAG_TO_READS true --DUPLICATE_SCORING_STRATEGY SUM_OF_BASE_QUALITIES --PROGRAM_RECORD_ID MarkDuplicates --PROGRAM_GROUP_NAME MarkDuplicates --READ_NAME_REGEX <optimized capture of last three ':' separated fields as numeric values> --OPTICAL_DUPLICATE_PIXEL_DISTANCE 100 --MAX_OPTICAL_DUPLICATE_SET_SIZE 300000 --VERBOSITY INFO --QUIET false --COMPRESSION_LEVEL 5 --MAX_RECORDS_IN_RAM 500000 --CREATE_INDEX false --CREATE_MD5_FILE false --help false --version false --showHidden false --USE_JDK_DEFLATER false --USE_JDK_INFLATER false
## htsjdk.samtools.metrics.StringHeader
# Started on: Sat Feb 21 12:14:50 CST 2026

## METRICS CLASS	picard.sam.DuplicationMetrics
LIBRARY	UNPAIRED_READS_EXAMINED	READ_PAIRS_EXAMINED	SECONDARY_OR_SUPPLEMENTARY_RDS	UNMAPPED_READS	UNPAIRED_READ_DUPLICATES	READ_PAIR_DUPLICATES	READ_PAIR_OPTICAL_DUPLICATES	PERCENT_DUPLICATION	ESTIMATED_LIBRARY_SIZE
Unknown Library	0	31407085	5597450	0	0	7989000	1706611	0.254369	59910484

## HISTOGRAM	java.lang.Double
BIN	CoverageMult	all_sets	optical_sets	non_optical_sets
1.0	1.043763	19135924	0	20273853
2.0	1.661681	3041279	1392717	2194978
3.0	2.027493	666274	120240	463715
4.0	2.244058	228947	15066	181203
5.0	2.372266	109525	3070	92978
6.0	2.448166	62526	1112	55117
7.0	2.4931	39996	464	35553
8.0	2.519701	27132	254	24068
9.0	2.535449	19309	144	17425
10.0	2.544772	14502	117	13194
11.0	2.550291	11248	62	10110
12.0	2.553559	8861	49	7970
13.0	2.555493	6870	33	6261
14.0	2.556638	5669	22	5211
15.0	2.557316	4672	19	4319
16.0	2.557718	3947	15	3493
17.0	2.557955	3132	13	2963
18.0	2.558096	2820	13	2521
19.0	2.558179	2441	10	2168
20.0	2.558228	2121	4	1931
21.0	2.558258	1832	5	1717
22.0	2.558275	1600	4	1475
23.0	2.558285	1425	2	1317
24.0	2.558291	1261	2	1106
25.0	2.558295	1100	5	960
26.0	2.558297	961	1	897
27.0	2.558298	893	1	814
28.0	2.558299	812	0	749
29.0	2.558299	696	0	650
30.0	2.558299	655	0	611
31.0	2.5583	609	1	532
32.0	2.5583	558	0	523
33.0	2.5583	500	0	457
34.0	2.5583	476	0	398
35.0	2.5583	429	1	383
36.0	2.5583	383	0	357
37.0	2.5583	367	0	345
38.0	2.5583	319	0	308
39.0	2.5583	272	0	242
40.0	2.5583	295	0	256
41.0	2.5583	268	0	266
42.0	2.5583	274	1	212
43.0	2.5583	215	1	214
44.0	2.5583	203	0	187
45.0	2.5583	224	0	198
46.0	2.5583	185	0	173
47.0	2.5583	159	0	155
48.0	2.5583	170	0	135
49.0	2.5583	177	0	175
50.0	2.5583	140	0	123
51.0	2.5583	144	0	122
52.0	2.5583	133	0	115
53.0	2.5583	123	0	109
54.0	2.5583	114	0	114
55.0	2.5583	111	0	106
56.0	2.5583	111	0	95
57.0	2.5583	103	0	90
58.0	2.5583	74	0	77
59.0	2.5583	91	0	81
60.0	2.5583	72	0	64
61.0	2.5583	84	0	75
62.0	2.5583	76	0	65
63.0	2.5583	68	0	61
64.0	2.5583	73	0	66
65.0	2.5583	62	0	61
66.0	2.5583	57	0	57
67.0	2.5583	55	0	46
68.0	2.5583	56	0	55
69.0	2.5583	55	0	50
70.0	2.5583	48	0	35
71.0	2.5583	58	0	46
72.0	2.5583	48	0	46
73.0	2.5583	43	0	41
74.0	2.5583	39	0	44
75.0	2.5583	40	0	44
76.0	2.5583	41	0	39
77.0	2.5583	37	0	34
78.0	2.5583	39	0	38
79.0	2.5583	44	0	45
80.0	2.5583	46	0	36
81.0	2.5583	41	0	41
82.0	2.5583	34	0	27
83.0	2.5583	36	0	37
84.0	2.5583	27	0	30
85.0	2.5583	40	0	33
86.0	2.5583	31	0	38
87.0	2.5583	30	0	24
88.0	2.5583	27	0	20
89.0	2.5583	35	0	28
90.0	2.5583	24	0	29
91.0	2.5583	25	0	25
92.0	2.5583	28	0	21
93.0	2.5583	25	0	24
94.0	2.5583	30	0	23
95.0	2.5583	32	0	16
96.0	2.5583	21	0	19
97.0	2.5583	28	0	9
98.0	2.5583	14	0	20
99.0	2.5583	14	0	13
100.0	2.5583	22	0	17
101.0	0	9	0	18
102.0	0	15	0	12
103.0	0	14	0	15
104.0	0	15	0	16
105.0	0	9	0	17
106.0	0	9	0	10
107.0	0	14	0	18
108.0	0	13	0	15
109.0	0	17	0	19
110.0	0	17	0	8
111.0	0	24	0	11
112.0	0	11	0	14
113.0	0	16	0	8
114.0	0	7	0	11
115.0	0	15	0	11
116.0	0	10	0	13
117.0	0	12	0	9
118.0	0	13	0	8
119.0	0	8	0	14
120.0	0	5	0	9
121.0	0	13	0	14
122.0	0	11	0	10
123.0	0	11	0	3
124.0	0	11	0	7
125.0	0	8	0	6
126.0	0	8	0	5
127.0	0	8	0	7
128.0	0	11	0	8
129.0	0	8	0	9
130.0	0	13	0	7
131.0	0	6	0	4
132.0	0	7	0	5
133.0	0	3	0	4
134.0	0	2	0	8
135.0	0	10	0	7
136.0	0	3	0	8
137.0	0	5	0	8
138.0	0	5	0	7
139.0	0	8	0	4
140.0	0	6	0	7
141.0	0	5	0	6
142.0	0	9	0	3
143.0	0	10	0	5
144.0	0	4	0	12
145.0	0	8	0	2
146.0	0	5	0	7
147.0	0	9	0	4
148.0	0	2	0	3
149.0	0	4	0	4
150.0	0	8	0	1
151.0	0	7	0	8
152.0	0	2	0	3
153.0	0	4	0	5
154.0	0	4	0	7
155.0	0	4	0	3
156.0	0	4	0	4
157.0	0	4	0	1
158.0	0	3	0	2
159.0	0	4	0	2
160.0	0	6	0	2
161.0	0	4	0	3
162.0	0	3	0	3
163.0	0	4	0	9
164.0	0	3	0	1
165.0	0	2	0	2
166.0	0	5	0	5
167.0	0	0	0	4
168.0	0	2	0	2
169.0	0	5	0	2
170.0	0	3	0	3
171.0	0	3	0	3
172.0	0	1	0	1
173.0	0	3	0	1
174.0	0	2	0	1
175.0	0	4	0	2
176.0	0	2	0	2
177.0	0	2	0	2
178.0	0	2	0	1
179.0	0	5	0	3
180.0	0	2	0	2
181.0	0	1	0	1
182.0	0	3	0	0
183.0	0	1	0	3
184.0	0	2	0	3
185.0	0	0	0	3
186.0	0	2	0	1
188.0	0	1	0	2
189.0	0	1	0	2
190.0	0	2	0	0
191.0	0	2	0	2
192.0	0	2	0	1
193.0	0	3	0	2
194.0	0	1	0	2
195.0	0	2	0	0
196.0	0	1	0	2
197.0	0	1	0	0
198.0	0	2	0	1
199.0	0	2	0	2
200.0	0	1	0	0
201.0	0	1	0	1
202.0	0	1	0	2
203.0	0	0	0	1
204.0	0	2	0	0
205.0	0	0	0	1
206.0	0	1	0	1
207.0	0	0	0	2
208.0	0	2	0	1
209.0	0	1	0	0
210.0	0	2	0	2
211.0	0	0	0	3
212.0	0	4	0	1
213.0	0	2	0	0
214.0	0	2	0	2
216.0	0	1	0	1
218.0	0	2	0	1
219.0	0	1	0	2
220.0	0	3	0	2
222.0	0	1	0	1
223.0	0	3	0	1
224.0	0	0	0	1
225.0	0	0	0	2
226.0	0	0	0	2
227.0	0	1	0	2
230.0	0	2	0	0
231.0	0	1	0	1
232.0	0	1	0	2
233.0	0	1	0	2
234.0	0	0	0	3
235.0	0	0	0	3
236.0	0	4	0	0
237.0	0	2	0	0
239.0	0	1	0	0
240.0	0	1	0	1
241.0	0	2	0	2
242.0	0	1	0	0
244.0	0	1	0	0
246.0	0	1	0	0
247.0	0	3	0	0
248.0	0	0	0	1
249.0	0	1	0	1
250.0	0	1	0	1
251.0	0	1	0	2
252.0	0	1	0	2
253.0	0	0	0	1
254.0	0	0	0	1
256.0	0	1	0	1
257.0	0	1	0	1
260.0	0	0	0	2
261.0	0	0	0	3
262.0	0	3	0	1
263.0	0	1	0	0
264.0	0	2	0	0
266.0	0	0	0	1
268.0	0	1	0	0
269.0	0	1	0	1
270.0	0	1	0	1
271.0	0	2	0	1
274.0	0	3	0	0
275.0	0	1	0	2
276.0	0	0	0	1
279.0	0	0	0	1
280.0	0	2	0	1
282.0	0	1	0	0
287.0	0	0	0	1
288.0	0	2	0	0
290.0	0	0	0	1
292.0	0	2	0	1
293.0	0	0	0	1
295.0	0	1	0	0
298.0	0	0	0	1
299.0	0	1	0	1
300.0	0	2	0	0
304.0	0	2	0	2
306.0	0	1	0	0
307.0	0	1	0	0
310.0	0	0	0	1
312.0	0	0	0	1
317.0	0	1	0	1
320.0	0	0	0	1
321.0	0	0	0	1
325.0	0	1	0	0
326.0	0	1	0	0
327.0	0	1	0	0
329.0	0	1	0	0
330.0	0	1	0	1
334.0	0	1	0	0
336.0	0	0	0	1
339.0	0	0	0	1
341.0	0	0	0	1
343.0	0	1	0	0
344.0	0	1	0	0
349.0	0	1	0	0
352.0	0	0	0	1
353.0	0	0	0	1
357.0	0	2	0	1
364.0	0	1	0	0
368.0	0	1	0	0
373.0	0	0	0	1
382.0	0	0	0	1
384.0	0	0	0	1
387.0	0	1	0	0
389.0	0	0	0	1
395.0	0	3	0	0
401.0	0	0	0	1
402.0	0	0	0	1
412.0	0	0	0	1
416.0	0	0	0	2
421.0	0	2	0	0
423.0	0	1	0	0
425.0	0	1	0	1
433.0	0	1	0	0
434.0	0	1	0	0
435.0	0	0	0	1
438.0	0	0	0	1
439.0	0	0	0	1
449.0	0	1	0	0
450.0	0	0	0	1
453.0	0	1	0	0
455.0	0	1	0	0
469.0	0	1	0	0
470.0	0	0	0	1
483.0	0	1	0	0
495.0	0	0	0	1
515.0	0	0	0	1
536.0	0	1	0	0
549.0	0	1	0	0
627.0	0	0	0	1
641.0	0	1	0	0
651.0	0	0	0	1
672.0	0	1	0	0

