## htsjdk.samtools.metrics.StringHeader
# MarkDuplicates --INPUT D1.sorted.bam --OUTPUT D1.markdup.sorted.bam --METRICS_FILE D1.markdup.sorted.MarkDuplicates.metrics.txt --REMOVE_DUPLICATES false --ASSUME_SORTED true --TMP_DIR tmp --VALIDATION_STRINGENCY LENIENT --REFERENCE_SEQUENCE Mus_musculus.fasta --MAX_SEQUENCES_FOR_DISK_READ_ENDS_MAP 50000 --MAX_FILE_HANDLES_FOR_READ_ENDS_MAP 8000 --SORTING_COLLECTION_SIZE_RATIO 0.25 --TAG_DUPLICATE_SET_MEMBERS false --REMOVE_SEQUENCING_DUPLICATES false --TAGGING_POLICY DontTag --CLEAR_DT true --DUPLEX_UMI false --FLOW_MODE false --FLOW_DUP_STRATEGY FLOW_QUALITY_SUM_STRATEGY --FLOW_USE_END_IN_UNPAIRED_READS false --FLOW_USE_UNPAIRED_CLIPPED_END false --FLOW_UNPAIRED_END_UNCERTAINTY 0 --FLOW_UNPAIRED_START_UNCERTAINTY 0 --FLOW_SKIP_FIRST_N_FLOWS 0 --FLOW_Q_IS_KNOWN_END false --FLOW_EFFECTIVE_QUALITY_THRESHOLD 15 --ADD_PG_TAG_TO_READS true --DUPLICATE_SCORING_STRATEGY SUM_OF_BASE_QUALITIES --PROGRAM_RECORD_ID MarkDuplicates --PROGRAM_GROUP_NAME MarkDuplicates --READ_NAME_REGEX <optimized capture of last three ':' separated fields as numeric values> --OPTICAL_DUPLICATE_PIXEL_DISTANCE 100 --MAX_OPTICAL_DUPLICATE_SET_SIZE 300000 --VERBOSITY INFO --QUIET false --COMPRESSION_LEVEL 5 --MAX_RECORDS_IN_RAM 500000 --CREATE_INDEX false --CREATE_MD5_FILE false --help false --version false --showHidden false --USE_JDK_DEFLATER false --USE_JDK_INFLATER false
## htsjdk.samtools.metrics.StringHeader
# Started on: Fri Feb 20 04:23:29 CST 2026

## METRICS CLASS	picard.sam.DuplicationMetrics
LIBRARY	UNPAIRED_READS_EXAMINED	READ_PAIRS_EXAMINED	SECONDARY_OR_SUPPLEMENTARY_RDS	UNMAPPED_READS	UNPAIRED_READ_DUPLICATES	READ_PAIR_DUPLICATES	READ_PAIR_OPTICAL_DUPLICATES	PERCENT_DUPLICATION	ESTIMATED_LIBRARY_SIZE
Unknown Library	8238	43759311	7844272	0	6776	12327831	2341850	0.28177	71444793

## HISTOGRAM	java.lang.Double
BIN	CoverageMult	all_sets	optical_sets	non_optical_sets
1.0	1.041052	25270603	0	26734332
2.0	1.6053	4271782	1852325	3227449
3.0	1.911123	981635	175615	697599
4.0	2.076878	348158	25320	276809
5.0	2.166717	168696	6087	144227
6.0	2.21541	98287	2232	86368
7.0	2.241801	63639	992	56989
8.0	2.256106	44188	623	39941
9.0	2.263858	32135	404	29125
10.0	2.26806	24196	261	22005
11.0	2.270338	19045	161	17028
12.0	2.271572	14573	134	13357
13.0	2.272241	11908	84	10841
14.0	2.272604	9616	81	8727
15.0	2.2728	8284	53	7546
16.0	2.272907	6657	35	6076
17.0	2.272965	5725	34	5243
18.0	2.272996	4850	21	4359
19.0	2.273013	4183	21	3873
20.0	2.273022	3722	14	3369
21.0	2.273027	3239	17	2996
22.0	2.27303	2832	12	2572
23.0	2.273031	2504	11	2314
24.0	2.273032	2217	7	2019
25.0	2.273033	2061	8	1928
26.0	2.273033	1826	4	1633
27.0	2.273033	1642	5	1580
28.0	2.273033	1557	5	1348
29.0	2.273033	1305	4	1232
30.0	2.273033	1179	2	1014
31.0	2.273033	1099	1	1002
32.0	2.273033	978	5	958
33.0	2.273033	980	5	894
34.0	2.273033	904	4	783
35.0	2.273033	809	3	736
36.0	2.273033	744	2	718
37.0	2.273033	689	2	663
38.0	2.273033	658	2	651
39.0	2.273033	622	0	580
40.0	2.273033	588	0	502
41.0	2.273033	529	1	465
42.0	2.273033	486	1	439
43.0	2.273033	485	1	427
44.0	2.273033	428	0	404
45.0	2.273033	427	1	359
46.0	2.273033	368	0	348
47.0	2.273033	340	1	319
48.0	2.273033	350	1	314
49.0	2.273033	309	1	305
50.0	2.273033	303	0	264
51.0	2.273033	284	0	246
52.0	2.273033	282	0	238
53.0	2.273033	273	0	239
54.0	2.273033	245	0	214
55.0	2.273033	210	0	186
56.0	2.273033	200	0	192
57.0	2.273033	205	0	185
58.0	2.273033	178	1	173
59.0	2.273033	174	0	160
60.0	2.273033	179	0	145
61.0	2.273033	161	0	149
62.0	2.273033	158	0	146
63.0	2.273033	136	0	128
64.0	2.273033	133	0	120
65.0	2.273033	130	0	125
66.0	2.273033	116	0	96
67.0	2.273033	122	0	119
68.0	2.273033	128	0	103
69.0	2.273033	114	0	105
70.0	2.273033	97	0	95
71.0	2.273033	95	0	69
72.0	2.273033	99	0	97
73.0	2.273033	89	0	104
74.0	2.273033	84	0	92
75.0	2.273033	87	0	82
76.0	2.273033	94	0	82
77.0	2.273033	75	0	71
78.0	2.273033	86	0	83
79.0	2.273033	81	0	82
80.0	2.273033	84	0	81
81.0	2.273033	95	0	74
82.0	2.273033	58	0	65
83.0	2.273033	73	0	58
84.0	2.273033	71	0	63
85.0	2.273033	76	0	67
86.0	2.273033	71	0	54
87.0	2.273033	59	0	62
88.0	2.273033	52	0	49
89.0	2.273033	72	0	50
90.0	2.273033	37	0	40
91.0	2.273033	59	0	46
92.0	2.273033	55	0	35
93.0	2.273033	40	0	36
94.0	2.273033	53	0	42
95.0	2.273033	39	1	30
96.0	2.273033	34	0	42
97.0	2.273033	33	0	41
98.0	2.273033	37	0	33
99.0	2.273033	40	0	34
100.0	2.273033	36	0	37
101.0	0	38	0	30
102.0	0	33	0	26
103.0	0	36	0	32
104.0	0	35	0	32
105.0	0	20	0	38
106.0	0	28	0	35
107.0	0	45	0	29
108.0	0	35	0	25
109.0	0	32	0	31
110.0	0	39	0	37
111.0	0	29	0	22
112.0	0	31	0	24
113.0	0	29	0	16
114.0	0	20	0	14
115.0	0	28	0	20
116.0	0	16	0	21
117.0	0	19	0	18
118.0	0	17	0	26
119.0	0	27	0	20
120.0	0	18	0	20
121.0	0	20	0	19
122.0	0	19	0	23
123.0	0	20	0	20
124.0	0	22	0	18
125.0	0	17	0	8
126.0	0	17	0	13
127.0	0	21	0	12
128.0	0	14	0	12
129.0	0	17	0	16
130.0	0	16	0	14
131.0	0	11	0	13
132.0	0	21	0	20
133.0	0	12	0	16
134.0	0	19	0	19
135.0	0	15	0	13
136.0	0	15	0	18
137.0	0	10	0	15
138.0	0	11	0	12
139.0	0	20	0	5
140.0	0	17	0	11
141.0	0	15	0	13
142.0	0	6	0	7
143.0	0	20	0	9
144.0	0	9	0	13
145.0	0	6	0	10
146.0	0	6	0	13
147.0	0	11	0	12
148.0	0	11	0	8
149.0	0	13	0	13
150.0	0	22	0	8
151.0	0	10	0	13
152.0	0	8	0	7
153.0	0	7	0	11
154.0	0	5	0	10
155.0	0	14	0	5
156.0	0	11	0	9
157.0	0	7	0	11
158.0	0	4	0	12
159.0	0	6	0	10
160.0	0	9	0	5
161.0	0	13	0	7
162.0	0	6	0	10
163.0	0	15	0	9
164.0	0	3	0	9
165.0	0	14	0	13
166.0	0	11	0	4
167.0	0	9	0	5
168.0	0	6	0	8
169.0	0	9	0	4
170.0	0	10	0	8
171.0	0	8	0	6
172.0	0	6	0	6
173.0	0	8	0	5
174.0	0	11	0	2
175.0	0	6	0	6
176.0	0	6	0	4
177.0	0	0	0	7
178.0	0	5	0	6
179.0	0	5	0	4
180.0	0	6	0	6
181.0	0	7	0	3
182.0	0	4	0	6
183.0	0	5	0	2
184.0	0	8	0	6
185.0	0	4	0	5
186.0	0	6	0	6
187.0	0	7	0	6
188.0	0	4	0	6
189.0	0	2	0	3
190.0	0	5	0	3
191.0	0	4	0	2
192.0	0	3	0	5
193.0	0	3	0	7
194.0	0	4	0	6
195.0	0	6	0	6
196.0	0	5	0	5
197.0	0	5	0	4
198.0	0	3	0	7
199.0	0	5	0	5
200.0	0	2	0	4
201.0	0	3	0	0
202.0	0	9	0	3
203.0	0	4	0	4
204.0	0	8	0	3
205.0	0	5	0	5
206.0	0	6	0	1
207.0	0	2	0	1
208.0	0	2	0	3
209.0	0	2	0	2
210.0	0	3	0	6
211.0	0	2	0	4
212.0	0	6	0	1
213.0	0	3	0	1
214.0	0	4	0	3
215.0	0	3	0	1
216.0	0	3	0	3
217.0	0	3	0	1
218.0	0	1	0	4
219.0	0	1	0	1
220.0	0	2	0	2
221.0	0	0	0	3
222.0	0	4	0	1
223.0	0	1	0	6
224.0	0	3	0	1
225.0	0	2	0	2
226.0	0	2	0	2
227.0	0	2	0	3
228.0	0	3	0	3
229.0	0	2	0	3
230.0	0	0	0	4
231.0	0	2	0	3
232.0	0	0	0	5
233.0	0	4	0	1
234.0	0	2	0	3
235.0	0	2	0	1
236.0	0	4	0	1
237.0	0	4	0	0
238.0	0	4	0	2
239.0	0	1	0	4
240.0	0	3	0	3
241.0	0	2	0	0
242.0	0	5	0	0
243.0	0	2	0	6
244.0	0	2	0	0
245.0	0	1	0	2
246.0	0	4	0	1
247.0	0	2	0	3
248.0	0	2	0	1
249.0	0	3	0	0
250.0	0	1	0	3
251.0	0	6	0	0
252.0	0	3	0	1
253.0	0	0	0	2
254.0	0	3	0	2
255.0	0	2	0	0
256.0	0	1	0	0
258.0	0	1	0	2
259.0	0	1	0	1
260.0	0	1	0	0
261.0	0	0	0	2
262.0	0	0	0	1
263.0	0	2	0	0
264.0	0	1	0	1
265.0	0	0	0	3
266.0	0	2	0	0
267.0	0	2	0	1
268.0	0	2	0	2
269.0	0	3	0	0
270.0	0	0	0	4
272.0	0	2	0	0
273.0	0	2	0	0
274.0	0	3	0	0
275.0	0	2	0	0
276.0	0	0	0	1
277.0	0	0	0	2
278.0	0	1	0	1
280.0	0	1	0	1
281.0	0	3	0	2
282.0	0	0	0	1
283.0	0	2	0	0
284.0	0	1	0	1
285.0	0	1	0	0
286.0	0	1	0	0
288.0	0	0	0	2
289.0	0	0	0	1
290.0	0	0	0	1
291.0	0	1	0	0
292.0	0	1	0	1
293.0	0	0	0	1
294.0	0	1	0	0
295.0	0	2	0	1
296.0	0	0	0	1
297.0	0	1	0	0
298.0	0	0	0	3
299.0	0	2	0	2
300.0	0	2	0	0
301.0	0	0	0	1
303.0	0	1	0	1
304.0	0	1	0	0
305.0	0	1	0	2
307.0	0	0	0	1
308.0	0	1	0	2
311.0	0	2	0	1
313.0	0	1	0	1
315.0	0	1	0	1
316.0	0	0	0	1
317.0	0	1	0	1
319.0	0	1	0	1
320.0	0	1	0	1
321.0	0	1	0	1
323.0	0	0	0	1
324.0	0	2	0	0
325.0	0	2	0	1
326.0	0	1	0	0
327.0	0	1	0	0
328.0	0	1	0	2
329.0	0	1	0	0
330.0	0	0	0	1
332.0	0	0	0	1
333.0	0	1	0	1
334.0	0	1	0	2
336.0	0	1	0	1
337.0	0	2	0	0
341.0	0	1	0	0
342.0	0	1	0	0
346.0	0	1	0	3
347.0	0	1	0	2
348.0	0	1	0	0
352.0	0	1	0	0
355.0	0	0	0	2
357.0	0	1	0	1
358.0	0	1	0	0
359.0	0	2	0	1
360.0	0	1	0	0
363.0	0	1	0	1
364.0	0	0	0	1
365.0	0	1	0	0
367.0	0	0	0	1
370.0	0	0	0	1
371.0	0	0	0	1
373.0	0	1	0	0
374.0	0	1	0	0
375.0	0	0	0	1
376.0	0	0	0	1
377.0	0	3	0	1
378.0	0	0	0	2
379.0	0	1	0	0
381.0	0	1	0	0
383.0	0	0	0	1
385.0	0	0	0	1
386.0	0	1	0	1
388.0	0	1	0	0
389.0	0	1	0	0
394.0	0	0	0	1
395.0	0	0	0	1
397.0	0	2	0	0
398.0	0	0	0	1
399.0	0	1	0	0
403.0	0	1	0	2
406.0	0	1	0	0
407.0	0	1	0	0
414.0	0	0	0	1
416.0	0	1	0	0
420.0	0	2	0	0
421.0	0	1	0	0
423.0	0	0	0	3
428.0	0	0	0	1
434.0	0	0	0	1
435.0	0	0	0	1
436.0	0	1	0	0
438.0	0	0	0	1
443.0	0	3	0	0
446.0	0	0	0	1
447.0	0	1	0	0
448.0	0	0	0	1
456.0	0	2	0	0
457.0	0	1	0	0
463.0	0	0	0	1
466.0	0	0	0	1
467.0	0	1	0	0
468.0	0	0	0	1
469.0	0	1	0	0
474.0	0	1	0	0
475.0	0	0	0	1
481.0	0	0	0	1
482.0	0	0	0	1
483.0	0	2	0	0
486.0	0	0	0	1
491.0	0	1	0	0
492.0	0	0	0	1
499.0	0	2	0	0
505.0	0	1	0	0
506.0	0	1	0	0
526.0	0	0	0	1
527.0	0	0	0	1
529.0	0	0	0	1
539.0	0	0	0	1
542.0	0	0	0	1
544.0	0	1	0	0
547.0	0	0	0	1
548.0	0	1	0	0
549.0	0	0	0	1
556.0	0	1	0	0
562.0	0	1	0	0
564.0	0	0	0	1
566.0	0	1	0	0
570.0	0	1	0	0
579.0	0	1	0	0
589.0	0	1	0	0
596.0	0	0	0	1
606.0	0	0	0	1
624.0	0	0	0	1
626.0	0	1	0	0
637.0	0	1	0	1
640.0	0	0	0	1
642.0	0	0	0	1
647.0	0	2	0	0
668.0	0	1	0	0
673.0	0	1	0	0
702.0	0	0	0	1
738.0	0	0	0	1
742.0	0	1	0	0
755.0	0	1	0	0
795.0	0	0	0	1
842.0	0	1	0	0

