## htsjdk.samtools.metrics.StringHeader
# MarkDuplicates --INPUT D9.sorted.bam --OUTPUT D9.markdup.sorted.bam --METRICS_FILE D9.markdup.sorted.MarkDuplicates.metrics.txt --REMOVE_DUPLICATES false --ASSUME_SORTED true --TMP_DIR tmp --VALIDATION_STRINGENCY LENIENT --REFERENCE_SEQUENCE Mus_musculus.fasta --MAX_SEQUENCES_FOR_DISK_READ_ENDS_MAP 50000 --MAX_FILE_HANDLES_FOR_READ_ENDS_MAP 8000 --SORTING_COLLECTION_SIZE_RATIO 0.25 --TAG_DUPLICATE_SET_MEMBERS false --REMOVE_SEQUENCING_DUPLICATES false --TAGGING_POLICY DontTag --CLEAR_DT true --DUPLEX_UMI false --FLOW_MODE false --FLOW_DUP_STRATEGY FLOW_QUALITY_SUM_STRATEGY --FLOW_USE_END_IN_UNPAIRED_READS false --FLOW_USE_UNPAIRED_CLIPPED_END false --FLOW_UNPAIRED_END_UNCERTAINTY 0 --FLOW_UNPAIRED_START_UNCERTAINTY 0 --FLOW_SKIP_FIRST_N_FLOWS 0 --FLOW_Q_IS_KNOWN_END false --FLOW_EFFECTIVE_QUALITY_THRESHOLD 15 --ADD_PG_TAG_TO_READS true --DUPLICATE_SCORING_STRATEGY SUM_OF_BASE_QUALITIES --PROGRAM_RECORD_ID MarkDuplicates --PROGRAM_GROUP_NAME MarkDuplicates --READ_NAME_REGEX <optimized capture of last three ':' separated fields as numeric values> --OPTICAL_DUPLICATE_PIXEL_DISTANCE 100 --MAX_OPTICAL_DUPLICATE_SET_SIZE 300000 --VERBOSITY INFO --QUIET false --COMPRESSION_LEVEL 5 --MAX_RECORDS_IN_RAM 500000 --CREATE_INDEX false --CREATE_MD5_FILE false --help false --version false --showHidden false --USE_JDK_DEFLATER false --USE_JDK_INFLATER false
## htsjdk.samtools.metrics.StringHeader
# Started on: Fri Feb 20 04:21:48 CST 2026

## METRICS CLASS	picard.sam.DuplicationMetrics
LIBRARY	UNPAIRED_READS_EXAMINED	READ_PAIRS_EXAMINED	SECONDARY_OR_SUPPLEMENTARY_RDS	UNMAPPED_READS	UNPAIRED_READ_DUPLICATES	READ_PAIR_DUPLICATES	READ_PAIR_OPTICAL_DUPLICATES	PERCENT_DUPLICATION	ESTIMATED_LIBRARY_SIZE
Unknown Library	7590	45467768	8408579	0	6099	12492773	2727946	0.274805	78666954

## HISTOGRAM	java.lang.Double
BIN	CoverageMult	all_sets	optical_sets	non_optical_sets
1.0	1.047227	26266624	0	27987267
2.0	1.634754	4744922	2151586	3537671
3.0	1.964376	1072574	211108	720296
4.0	2.149304	361429	29552	273619
5.0	2.253055	168932	6613	138892
6.0	2.311262	95472	2339	81730
7.0	2.343918	60633	1137	53245
8.0	2.362239	41247	599	36479
9.0	2.372518	29479	393	26274
10.0	2.378285	22276	270	19839
11.0	2.38152	16996	170	14885
12.0	2.383335	13330	125	11984
13.0	2.384353	10634	89	9574
14.0	2.384925	8685	80	7754
15.0	2.385245	7017	43	6303
16.0	2.385425	5979	31	5204
17.0	2.385526	4875	43	4457
18.0	2.385582	4220	34	3875
19.0	2.385614	3746	20	3328
20.0	2.385632	3093	22	2749
21.0	2.385642	2751	20	2544
22.0	2.385648	2429	6	2189
23.0	2.385651	2155	6	1886
24.0	2.385653	1898	9	1743
25.0	2.385654	1729	7	1588
26.0	2.385654	1586	4	1386
27.0	2.385654	1434	6	1278
28.0	2.385655	1289	5	1199
29.0	2.385655	1112	3	1042
30.0	2.385655	1018	2	932
31.0	2.385655	956	2	851
32.0	2.385655	886	0	799
33.0	2.385655	780	3	715
34.0	2.385655	781	4	672
35.0	2.385655	660	2	597
36.0	2.385655	612	0	510
37.0	2.385655	586	0	536
38.0	2.385655	574	1	470
39.0	2.385655	501	1	420
40.0	2.385655	416	1	411
41.0	2.385655	375	0	363
42.0	2.385655	395	1	342
43.0	2.385655	367	1	336
44.0	2.385655	325	1	310
45.0	2.385655	313	0	286
46.0	2.385655	311	0	276
47.0	2.385655	276	0	262
48.0	2.385655	276	0	234
49.0	2.385655	241	0	244
50.0	2.385655	255	0	206
51.0	2.385655	222	1	205
52.0	2.385655	220	0	190
53.0	2.385655	205	1	166
54.0	2.385655	178	1	169
55.0	2.385655	178	0	171
56.0	2.385655	172	0	144
57.0	2.385655	160	0	147
58.0	2.385655	163	0	141
59.0	2.385655	151	0	136
60.0	2.385655	127	1	120
61.0	2.385655	146	0	93
62.0	2.385655	108	0	121
63.0	2.385655	123	0	100
64.0	2.385655	117	0	94
65.0	2.385655	92	0	95
66.0	2.385655	89	0	83
67.0	2.385655	88	0	86
68.0	2.385655	80	0	92
69.0	2.385655	99	0	80
70.0	2.385655	95	0	60
71.0	2.385655	74	0	86
72.0	2.385655	75	0	63
73.0	2.385655	88	0	78
74.0	2.385655	73	0	69
75.0	2.385655	70	0	63
76.0	2.385655	65	0	69
77.0	2.385655	71	0	80
78.0	2.385655	69	0	44
79.0	2.385655	62	0	53
80.0	2.385655	61	0	54
81.0	2.385655	45	0	41
82.0	2.385655	59	0	55
83.0	2.385655	52	1	38
84.0	2.385655	56	0	49
85.0	2.385655	48	0	40
86.0	2.385655	45	0	39
87.0	2.385655	42	0	39
88.0	2.385655	36	0	26
89.0	2.385655	43	0	36
90.0	2.385655	39	0	39
91.0	2.385655	41	0	37
92.0	2.385655	33	0	38
93.0	2.385655	32	0	35
94.0	2.385655	35	0	16
95.0	2.385655	40	0	37
96.0	2.385655	38	0	27
97.0	2.385655	24	0	23
98.0	2.385655	32	0	38
99.0	2.385655	25	0	27
100.0	2.385655	35	0	31
101.0	0	27	0	22
102.0	0	23	0	28
103.0	0	28	0	23
104.0	0	24	0	24
105.0	0	26	0	24
106.0	0	19	0	21
107.0	0	35	0	20
108.0	0	16	0	26
109.0	0	27	0	18
110.0	0	25	0	18
111.0	0	22	0	22
112.0	0	19	0	16
113.0	0	23	0	14
114.0	0	20	0	13
115.0	0	13	0	22
116.0	0	22	0	16
117.0	0	14	0	13
118.0	0	22	0	16
119.0	0	20	0	23
120.0	0	18	0	19
121.0	0	13	0	17
122.0	0	15	0	18
123.0	0	22	0	13
124.0	0	16	0	11
125.0	0	17	0	9
126.0	0	12	0	14
127.0	0	18	0	6
128.0	0	9	0	10
129.0	0	15	0	8
130.0	0	15	0	11
131.0	0	7	0	14
132.0	0	13	0	10
133.0	0	8	0	10
134.0	0	9	0	5
135.0	0	12	0	14
136.0	0	12	0	12
137.0	0	8	0	14
138.0	0	7	0	12
139.0	0	6	0	8
140.0	0	10	0	8
141.0	0	12	0	9
142.0	0	11	0	10
143.0	0	12	0	5
144.0	0	12	0	4
145.0	0	10	0	10
146.0	0	12	0	6
147.0	0	16	0	9
148.0	0	7	0	9
149.0	0	3	0	7
150.0	0	4	0	6
151.0	0	5	0	10
152.0	0	10	0	7
153.0	0	14	0	5
154.0	0	9	0	9
155.0	0	13	0	4
156.0	0	2	0	6
157.0	0	8	0	5
158.0	0	2	0	5
159.0	0	5	0	5
160.0	0	2	0	6
161.0	0	7	0	5
162.0	0	9	0	5
163.0	0	2	0	7
164.0	0	7	0	12
165.0	0	5	0	5
166.0	0	7	0	7
167.0	0	6	0	2
168.0	0	7	0	6
169.0	0	6	0	4
170.0	0	5	0	4
171.0	0	6	0	9
172.0	0	5	0	2
173.0	0	3	0	2
174.0	0	3	0	5
175.0	0	9	0	4
176.0	0	4	0	3
177.0	0	6	0	4
178.0	0	3	0	1
179.0	0	5	0	1
180.0	0	4	0	4
181.0	0	3	0	5
182.0	0	4	0	2
183.0	0	7	0	8
184.0	0	5	0	2
185.0	0	4	0	2
186.0	0	2	0	3
187.0	0	5	0	0
188.0	0	5	0	1
189.0	0	1	0	1
190.0	0	1	0	4
191.0	0	1	0	1
192.0	0	2	0	4
193.0	0	0	0	1
194.0	0	2	0	2
195.0	0	8	0	1
196.0	0	3	0	2
197.0	0	3	0	1
198.0	0	0	0	2
199.0	0	4	0	2
200.0	0	1	0	8
201.0	0	0	0	3
202.0	0	1	0	4
203.0	0	3	0	1
204.0	0	1	0	0
205.0	0	0	0	1
206.0	0	1	0	2
207.0	0	6	0	2
208.0	0	5	0	0
209.0	0	1	0	1
210.0	0	2	0	2
211.0	0	3	0	2
212.0	0	1	0	3
213.0	0	2	0	3
214.0	0	0	0	3
215.0	0	3	0	3
216.0	0	1	0	3
217.0	0	4	0	0
218.0	0	6	0	2
219.0	0	1	0	2
220.0	0	3	0	0
221.0	0	3	0	2
222.0	0	1	0	2
223.0	0	2	0	4
224.0	0	0	0	1
225.0	0	2	0	4
226.0	0	0	0	2
227.0	0	1	0	1
228.0	0	2	0	1
229.0	0	1	0	1
230.0	0	3	0	3
231.0	0	0	0	1
232.0	0	5	0	2
233.0	0	1	0	3
234.0	0	1	0	0
235.0	0	3	0	0
236.0	0	3	0	2
237.0	0	0	0	1
238.0	0	2	0	4
239.0	0	4	0	2
240.0	0	1	0	1
241.0	0	0	0	2
242.0	0	2	0	0
243.0	0	1	0	0
244.0	0	2	0	1
245.0	0	4	0	0
246.0	0	0	0	1
247.0	0	1	0	2
248.0	0	1	0	1
249.0	0	2	0	0
250.0	0	0	0	1
253.0	0	0	0	2
254.0	0	3	0	0
256.0	0	0	0	1
257.0	0	3	0	1
258.0	0	3	0	1
259.0	0	1	0	1
260.0	0	0	0	1
261.0	0	1	0	0
263.0	0	0	0	1
264.0	0	1	0	0
265.0	0	1	0	0
267.0	0	1	0	1
268.0	0	0	0	1
270.0	0	1	0	0
271.0	0	0	0	1
272.0	0	3	0	0
273.0	0	1	0	0
275.0	0	0	0	1
276.0	0	1	0	2
278.0	0	1	0	0
279.0	0	0	0	1
280.0	0	0	0	1
281.0	0	1	0	1
283.0	0	0	0	1
284.0	0	0	0	1
286.0	0	0	0	1
287.0	0	0	0	2
288.0	0	3	0	0
289.0	0	2	0	0
290.0	0	1	0	0
291.0	0	0	0	1
292.0	0	0	0	2
293.0	0	1	0	1
294.0	0	0	0	2
295.0	0	0	0	4
296.0	0	2	0	0
298.0	0	1	0	1
299.0	0	1	0	0
300.0	0	0	0	3
302.0	0	0	0	1
303.0	0	2	0	1
307.0	0	2	0	0
308.0	0	1	0	1
310.0	0	1	0	1
312.0	0	3	0	0
314.0	0	1	0	1
315.0	0	1	0	0
316.0	0	1	0	3
317.0	0	2	0	0
318.0	0	2	0	0
319.0	0	3	0	0
320.0	0	1	0	1
322.0	0	1	0	0
323.0	0	0	0	1
327.0	0	1	0	1
329.0	0	1	0	0
330.0	0	0	0	2
332.0	0	0	0	2
334.0	0	0	0	1
335.0	0	0	0	1
338.0	0	0	0	1
339.0	0	1	0	0
341.0	0	1	0	0
342.0	0	0	0	2
343.0	0	2	0	0
344.0	0	0	0	1
346.0	0	1	0	1
348.0	0	1	0	0
349.0	0	1	0	0
350.0	0	0	0	1
351.0	0	0	0	1
352.0	0	1	0	1
355.0	0	1	0	0
356.0	0	1	0	1
357.0	0	1	0	0
358.0	0	1	0	0
360.0	0	1	0	0
361.0	0	1	0	0
362.0	0	1	0	0
363.0	0	0	0	1
366.0	0	0	0	1
369.0	0	0	0	1
370.0	0	0	0	1
378.0	0	1	0	0
379.0	0	0	0	2
380.0	0	0	0	1
381.0	0	0	0	1
387.0	0	0	0	1
388.0	0	2	0	0
389.0	0	0	0	1
390.0	0	1	0	0
392.0	0	1	0	1
395.0	0	1	0	0
396.0	0	1	0	0
397.0	0	1	0	0
399.0	0	1	0	1
400.0	0	1	0	0
404.0	0	0	0	1
408.0	0	1	0	0
409.0	0	1	0	0
412.0	0	1	0	1
413.0	0	1	0	1
418.0	0	0	0	1
419.0	0	0	0	1
421.0	0	1	0	1
425.0	0	1	0	0
426.0	0	1	0	0
435.0	0	1	0	0
438.0	0	1	0	0
442.0	0	0	0	1
443.0	0	0	0	1
453.0	0	1	0	0
455.0	0	1	0	0
459.0	0	0	0	1
463.0	0	0	0	2
464.0	0	0	0	1
475.0	0	1	0	0
476.0	0	1	0	0
477.0	0	1	0	0
478.0	0	0	0	1
482.0	0	1	0	0
493.0	0	1	0	0
500.0	0	1	0	0
504.0	0	0	0	1
512.0	0	0	0	1
529.0	0	1	0	0
531.0	0	1	0	0
535.0	0	0	0	1
536.0	0	0	0	1
547.0	0	1	0	0
556.0	0	1	0	0
558.0	0	0	0	1
565.0	0	0	0	1
578.0	0	1	0	0
579.0	0	0	0	1
595.0	0	1	0	0
602.0	0	0	0	1
613.0	0	1	0	0
618.0	0	1	0	0

